1136.8078574537867
134.32131424693787
1.3867311938848852
47.697615921974901
1.6559509240639132
40.425959460552143
22.726556879252406
4041.7147286353543
7.5380111674557799
15.72918187475876
0.49938173744663217
0.14137454991298096
851.56715345212751
1.5826814809375829
21.370695048468662
39.530887508187213
5741.6357755144745
4.4820337271108643
323.71950027199284
16.827767857825496
194.86557967858437
24.999893539877846
0.016773175197632828
1419.7335468138449
0.43539506541646939
0.0013957293364073062
910.23717684835594
118.37388991961789
153.51314329964598
2.0009967051574185
19.986687433882068
14.203712933332056
183.38009256186459
0.10213226509657437
1.4174325058921908
23900.036541125279
1.9237617139614089
1168.7523086871643
545.17881044688318
14034.514062560231
531.27005650612512
76.516551604097572
428.06892154096863
80.147420818104749
256.96781575667399
3750.1225736582323
9.7751196265648783
6.0980044941414544
2842.3598521894023
0.015031491948438242
1619.8700854677529
22.390495160239798
1721.2111340569907
719.92591171049753
14102.665481041415
9.1962402203543
22.394113505908823
2.9664814312523058
81.96271114356243
44.825139814904354
0.56300001764222818
15.455691618878335
1.7086746052465558
23.891483947347897
0.92028399758753898
15.844983025236479
160.60133590043017
1.356690925663026
1140.3098081708752
0.83664149763651907
4.5974815615676787
11951.827878534961
6298.8038258764436
10.613166152310907
7.7043640469611159
285.50276885113408
16.855893702125563
129.39195993108655
17643.716533267671
0.80510230892094481
29148.053071727594
0.080259075281529077
10.491021109221679
0.99458489802736394
2.7967367117537205
1015.3493383091304
766.58232320360924
1.9261301037501903
16.369264082946987
6.8243018664757331
681.76894735953192
7.8299529240556769
5.3358000523738172
15.922570901812289
2.5817887986824113
55.478344844044301
0.78132804088370078
300.89375402580782
71.568190107111462
0.48025049173285134
1.5580205038757693
0.024399302697405447
84.664975072785879
0.80358709473592893
0.037312790458035226
6.2311755654062662
239.11093920149946
0.17187796751513898
3923.0749995299184
58.836611030850037
20.748321605541591
29.012411189675046
518.61635290689821
2499.2134270146567
2.9076519194578649
112.19123411595554
1.8414598466745955
1154.0569951802308
1976.1654313337479
3.1117750347528195
0.45410809635003724
3528.0812981662029
0.92442578607749548
0.38162979661663715
134.22983739935572
36.906301614923912
26.899221909621144
142.76396336132871
597.50159169364383
0.19717217309970711
606.38205730607933
11494.040441942498
6.2558879028325052
2188.4145003575491
1.680106159327347
206.97918495754473
595.41798617202403
1765.6884967535486
171.37599458920641
0.16497349025769367
7.4468522059799698
987.36546363825642
55457.314895382908
0.8945328631623739
6.8773700436721157
67.471556651716725
0.30083843907108598
0.3001334840728227
1216.8355167758814
18.993052967106529
6.7680125539289699
17423.70098593058
640.68345105693174
2052.3168845720034
125.2510618869542
15712.640787823508
56.961926844686921
39.481831960847018
6300.4717521253369
165.65384679006957
51.672590442671329
44.087384988346244
193.47348010843086
3.7283021477562
100.82543702823064
11.689199052401383
2.2851748676227501
3.1660731417496004
833.30604153782133
0.159086120914403
0.21761025964702113
294.52069407824331
1215.445517332693
13.861306897642903
1.1550050241173422
0.3913131159692988
27.115202979341323
355.85380707652394
7.7534918712015966
636.64576034869117
36.104174147103748
36.554331287673165
3.7192928961485836
1177.2834076587337
178.68508943361553
10680.627524438336
5387.7739735268051
29.514502561950788
3.4585728609675361
8742.7315291132854
908.55029699673287
22.720887577852132
28.789480314655069
96.04335588068767
203.90712030023863
0.070064342550866104
8618.252613769535
6.322830893248435
2.438842467399887
33030.40975046633
3.564597472721212
235.14234258549502
61.160275173014931
195.26183850461729
21.393600780738744
4082.0371971221384
3.9760000539234599
3.7996263828959869
0.057170576654930957
1.5743055798280676
38.710168524258457
1182.4297417465225
3.9872652952330956
183.42491769987947
1.6248274866512944
0.20344840534410771
699.95448922091055
164.69751364335107
11.167540272387251
297.6429258072065
15.619582052595009
1623.3800211798521
2.5722638717789983
0.0015245418030191663
563.15580724792744
1147.3276075454744
63.151300024558879
0.079523243150346257
55.508167019417542
0.11014534529321586
11381.18216559115
0.15216847812006012
2356.6680836412643
9815.9639406609676
16.165347452791391
81.088041032276436
188.97001425503737
4108.1337938999941
7.3330329342070924
6.5644955489000978
1983.0443679660873
904.67188708266076
1481.5914846282774
21.312637547379385
2345.0640085441987
14164.791751354845
7.3157241440832559
46.322774103505324
0.11049989106841621
1.9208960248352902
154.30784671966336
4.1437153421489938
32.979813799050938
496.96544601843334
2.3996701942061658
17.450501623912025
0.90211685788690432
15.622093283062366
152.95798959250476
1.3514634389158968
492.44490407302931
6.734981729087747
4.4451516834954727
4.4601235579200642
123.41486868488667
1498.4439991399931
52.623098162424874
301.82106019721556
8877.0193578366416
0.58415790485077213
68290.666450614546
0.09892250508971788
9.6892496907914225
1.9444552231471783
3.0924324079602164
759.85534902441134
0.29796334877553987
39.348121814313096
64.224580466199015
2.940704997828588
304.86517798965951
130.32919465523116
26.868829122348888
1290.8304128127693
0.70562081984596448
36.963900432334974
55.939149846331439
0.50725087404243163
35.768385859481128
0.024371357504871166
54.118511550045028
0.71372720337540374
0.0036711494632384002
6.2134056040516219
251.36080940267706
32.221482890994693
2.8775163684288692
362.05353958465099
0.49248918974725187
0.35006065074967457
5138.7459281572046
38.877936787126302
6071.2647217821068
2500.9422946864861
1.8724490950667168
18001.611807153819
20.055580195162332
1135.655546649328
4098.0229237274816
3.1076797158557428
62.669678287615625
1.4158039366035413
74.389279160429254
39.081501185860198
2489.7467466048647
75.080305686013304
13.668288063273383
5.545000688026839
587.34383603563231
18196.244702780608
3.3200055033673066
13428.543302765942
82.74794640267497
211.25963327643925
809.68982780829197
1717.6179653690074
26.661201285168392
15.138549811204722
0.51464477167388967
3482.1989361902147
209762.02838169687
0.89502045733865421
5.1863366631711907
13.309990501459319
7.5872342414888969
389.03825907035741
0.33887044494692803
9.3033012402018187
1229.2038078474927
18.858047665216823
7.8971267830697283
17604.922828954102
12.312818428632434
1209.2060490339413
84.488052108746828
10166.489889713197
54.657005986426071
1988.5459184759097
0.21207487202595088
128.93414575592036
3956.9163640194038
13.951912510185407
0.9247870970534563
0.018098688156034853
94.701626376023754
105.74953983046785
4.9785713250634265
1.2313308353005956
1743.40011925816
0.41592833807443075
12.648055073035955
2090.5861713568925
0.27727849882275274
307.93696578540721
3891.6389911582583
2168.75957271175
3222.2226845181599
13.980381069592307
0.64617498870937318
0.11126944278446371
58.443345107536068
242.50147093222185
10.453660950957042
153.96591801021037
58.90555784425927
292.808896138862
0.9404976093460955
71.093400103212915
234.29389296121894
390.96712556753147
104.1409057152247
8539.3665173368845
112.57472332534134
153.80989973704445
34.918528102553047
30.555847595129084
204.65253992712363
0.070058822947406466
9188.7823203973821
6.3401367736562309
2.4840505207420445
3.4933031707695448
33001.08039070102
950.10793078465099
621.13847349025502
1.8515682032868699
7111.7121727808699
672.90374710951778
20.013083815718794
29.618005265346895
4.5166795247053004
184.29477729570323
1.3586333173962584
47.047167220958201
1.6670481093845471
40.358696839119247
20.922124116370529
3997.763771209311
3.9255603210891463
3.7709972721590086
0.052673697369098847
21.030755470383916
5898.4745015913668
3.9112410770825741
324.76698899297583
0.1908207877406132
721.23188860592472
0.87135403037311199
20.435783557307367
41.926736956339205
12.283717622016917
24.988265704442146
0.53286974987961211
395.59423117099811
345.85280302661784
10.475377301699647
1103.8429270661711
1031.4530608397047
53.733583573662777
0.03085133151867105
6.9282463578728253
0.47045996117351485
0.13857090258079377
304.21812398662814
120.25021577978684
15064.668109884869
16.855309849098692
76.162466035101829
258.67006286761875
20.714573537544478
325.67297238308436
4077.9832689795949
3.0916847037076596
6.1170227609765639
3079.8341375397413
421.51625333137685
1620.397702423747
2951.3416519944412
104627.4977310383
7.3900925060800971
4.5440862115059328
7.8196505388600741
167.93782549743017
0.26051319381370508
144.93121585500799
13913.486662733461
2675.7796550328285
14.030495624091159
0.043916560236465764
23.786149717768637
1.1923838089548127
15.863653413808398
158.99469553758911
30.23776488865439
747.19808521533105
8.1355875984195585
4.6486090005806062
6561.5887985410936
4.4732139885570286
123.24542589185084
5.1336108967918026
610.2488681922041
5256.8178744237239
0.63051358809079
92877.561809144681
0.2351742677721641
9.7517514448759286
0.92607288036639424
13.418887002502224
997.54719396759094
642.96142972726329
21.972083104179706
10.026312037211369
0.30471568613613348
45.536615970291166
178.98685844669984
38.126342411823096
0.70203097319937291
811.63323942534782
78.673033995279496
2.9271063908666322
1240.6147308428085
56.441120047948715
0.55932067374426608
1.5850672093201572
0.1034878126172208
27.293815764725416
1.0972415831568618
0.053221110096118643
1.6359082352042234
159.67539663195933
155.54587852961276
538.53577994013267
2309.1259154646505
4.9533041031077367
110.95905609807581
1.9067232961384335
1680.642250422859
1.1389838031838786
3.0716017125792128
19603.481749799848
11.878406977270522
1.0604608375759117
3197.2416091647738
5.2304710330760518
0.33937606651221003
28.102230848250979
19.426518902005316
19.690189751051271
130.0350769773035
376.64928573496019
0.19593247859874444
729.08850073489941
8579.3971014114959
3.6125307187053064
1900.5765631833297
1.6578885388246012
203.49775105185887
0.0034561339071851813
1791.5810430929787
371.01033898437618
0.68477398682953461
51690.430583168578
0.18412426148351668
3749.7772037313057
0.89549888164175096
6.5272883385535359
12.945524244546052
1.4691912049166784
0.28535034908704898
1130.9593595775807
12.354296598208894
204.48220073269346
61.900280102846395
3.1379794353848123
15.517918463414958
578.45780427401098
591.46736948679484
18.825069186490914
9109.1108682714257
15.250386354939543
3597.6086584135401
201.63862845034663
3.6999842036937949
105.55671370049998
95.555541384962538
2.8545288045902799
1.1357884426203466
1471.6428469578386
0.22463159676789313
156.78011908190453
12346.714169594512
35.062610407526393
0.28514940758577873
248.99743861867717
3012.2031752487419
9385.577395275177
13.696991741023474
0.61772316600923527
0.12640689798271379
150.60660170665651
253.84760902561919
0.11419433410128114
8.2472486707249608
308.71565612373985
228.59707749456862
282.21822560573679
0.93276067099010873
93.434722637856908
634.73008372358436
23.693700163254029
23.633327431138206
131.47953123172931
9039.7434488098497
22.478047458413151
100.83546655825671
29.226091121327009
193.418502652271
205.30429544599215
0.070045713692496875
8973.7257859878482
6.3582537259469572
2.5194415340150984
3.3455905875592058
32943.919338279171
946.40292566511687
619.83050720208
7002.1869898364912
577.96805537337366
19.133003272616826
4.513284862062946
46.851143711238599
1.6729075945732974
40.335708853151438
20.45330624282116
3954.7515269020773
3.9165518689482006
3.7452999251780228
0.048959479864824483
1.5445774830214074
39.249248864725111
5972.5700517135647
3.8292893497644616
183.16061022886703
1.2720318391755894
0.20400102207720519
699.65775076814475
162.03746260294699
20.001556551286551
298.34543095133495
15.333532528447122
1721.0171799564016
1106.530208362957
10.52461529071261
566.92886699152223
935.63413059814934
62.254013424459608
0.078872363405576837
30.384179847743283
0.10963776754352275
11586.699778209369
0.13701841895633826
373.46979761921114
13881.877728987822
16.254464360919595
129.48931331302921
0.51198171824344951
0.0043464434331990012
7.4590217433946373
6.6476641574403601
1973.2857062490893
948.61312173482247
1470.922954901399
3.3917746525521846
225.91244156090176
20.846181633161631
2324.1286749767373
46.263020781713252
0.025849450961964022
1.9269842371953654
32.117577938024091
13611.518628449443
8.5890046196229974
594.8021600547853
2710.3483043241322
17.353736618835061
0.077651052924083017
44.727434426200617
152.89555812550941
1.3582300653948274
491.63159757308392
7.5673165184388722
4.6439827670588132
1692.9382423329935
10.700150246228095
5.5242914777909453
123.57092827292642
169.5975073753809
8761.9217172256085
0.88933772685071744
28666.442545607311
0.09725072597067945
31.41905648664331
1.7085602800819639
84.851158571687378
911.95341073216775
688.15594068816074
1.9380219310352604
313.59886370617534
230.48250839522137
175.12516456681976
1301.2636631040898
0.77632001732496758
6.2470538851427779
251.39120582817856
28.884129985399284
93.641118904739358
0.56910914346830255
38.566826363709225
0.52988524627391842
20.695316985821833
0.82688803976198966
0.0036761121640510046
9.7869301807210771
247.0760982313484
3.4567775481005953
15.560310856847158
49.409360974498298
20.490350012935867
4.2110944021929981
6520.1622433709663
2374.4569837572958
8.7954273086091952
20204.571605665278
20.905913028189364
0.17463718742935774
16.17892696456066
6.1926837524676817
64.996847570636774
4.4667948239784483
2028.8413366481284
5.224229659947877
4216.5231669448776
71.659549858609893
21.924315862645074
298.91569807053702
423.37453481888707
29395.081534710451
5.1805902022583581
8256.1297658376479
87.520839498272252
0.46146744600424905
521.44567874422296
0.16747384836042562
0.49336738355835402
3663.1033870065166
202214.6910673324
71.254289407014568
49.827018547669866
24.315916414183217
8.104343453244157
4.7208480352903059
6.4992065868613667
64.649171983539659
0.15947166269384461
8.4629065103498338
1133.243698454892
936.25527381944357
26.136676489071782
846.263456246072
14.476212584032291
0.30686505177673701
3676.5009457904257
148.24213201437567
177.93097641197076
2020.9341683541597
170.51053748185555
15.36215235567356
0.92975355905999757
0.26404511387305735
98.952894512703182
34.81346302829801
4.959095584504853
5.2190984250598795
1199.7990696104041
18.771962386949788
0.21723143636033276
1681.0698250224068
14.193834284689174
267.47452122279151
3376.5602046837439
2475.7665359934622
111.48943319294075
9576.6034440802032
901.95129352544723
2084.6983346054599
636.49598505845825
13.282455664420757
0.62801797608550802
0.13196079292306417
18.507458065318605
246.31471518276445
0.13233593301212027
1279.9300113854627
315.98252005013836
57.624672547151597
109.5987408665773
166.77115666068511
323.44324578417735
274.92495920224206
5454.1527681969865
157.42366306885992
6267.2767593156259
168.80145415534716
38.279463302242348
4.6942942271538
205.32113657039378
0.070014714465468558
8165.3560466310437
6.3774185688460587
2.4994412579191825
3.323899474812408
1077.2714749607467
943.33615427412508
104.69195223403398
3202.572645928351
1.9441532688451431
543.51489407689564
18.269809871485677
34.508409705830253
4.5129824561159806
198.13017472432111
1.3566861048908765
46.737252068893113
1.679116357851506
40.335771904054546
19.995879891472953
3922.8707855133657
3.945770614684526
15.941540009513087
0.42792600394246277
0.14453582879296725
829.12592211791935
1.5388300344649275
21.064403010668684
39.160914577720853
325.01585203235959
23.955647656524288
3506.2154177193725
2.9682357821896539
27.197515200242155
24.985728372551623
0.27294307375226373
400.0106937810246
73.900288280385468
3384.2909934244385
796.2429968090521
1258.8234022847162
141.5205627639823
2.6212450229370066
15.022524428766678
0.0963696667901007
1.2750627698179993
29658.286556142262
356.46975467469935
7603.1363428208488
3.0102781960974752
133.97535485147924
19.42682005643692
74.798057502849318
189.77410456617341
130.0691774816857
0.49334859819325555
0.0043328087600274512
7.513859646885269
6.2312749990440413
4106.6680226914286
0.015999297616788338
1619.5501977736506
19.92664059759818
2866.5894678855257
564.73943904613111
16.698424332851751
93.1422644002986
1.8333588858764569
1803.0426948848876
2428.2860626003353
17.182455447056572
2.0039918163972161
29.528428231763904
91.601643230332371
2619.6747281472181
159.98975487754186
1.3770038698359173
1210.2894617603397
0.91916477212275105
5.9705055360630857
4.5483565210902599
40.49262665587861
4940.447546600215
16.925099799935854
12234.89999026133
105.98428551811021
127.53800441458728
18716.012140080391
0.44906107416658642
6157.2010825389343
0.075473947409100267
7.1826626025071825
0.91512608300745402
40.661012518431711
722.5158256393903
11426.400207773824
0.79739418222432135
383.13276064070425
8.1887139246273328
5.0209372995425881
24.839416551715434
2.6708983273212792
64.125989526735836
0.71102607966741105
314.81446111349982
56.59059591218022
0.60826455352090048
1.5729367207951046
0.52161620008292242
62.246493793313846
0.94873221057932666
0.037988920720156562
6.5615094723711538
261.59920617265186
4.8495460871291582
219.31704945223123
436.46667105318159
0.51297260460813432
4.2088874512159684
509.81338892343246
2348.579906876359
2.2677486979748172
111.11229035461481
1.9739913525186339
2967.2235404711555
1760.3284288632292
2.9870112569197103
16.233408651171921
5.8156456320546521
16.226176073071251
0.38247170360125665
5.7198663549289419
34.828011393145573
27.420742772093011
130.49848698942066
519.89416522515785
240.61199664963351
571.11736975806662
9948.3299458544752
5.0154396901101341
2177.0789065256226
1.6528661040773693
545.08222074493938
26.4552936118703
14.514990085441305
0.68083585272450964
3597.7071013979489
55646.331049203873
229.97467341835034
1262.4478694072495
448.79393074201732
6.6068092833043952
433.39696442395206
0.88243792667471988
0.27334887688676801
1461.2846904664239
12.103102692067049
0.025775295567364166
4118.9059385781529
761.57077323730368
586.53861075640532
156.01778079375868
9831.1761864766777
72.495208787847545
14.984816128738872
1941.095592736438
0.21482052593743203
330.92221849881616
51.475843898579996
107.37718211350062
94.589544316476534
2.8397065190271795
1.2331768102845884
1640.5715520109688
18.657699867923419
0.26286588596850224
1709.5473278374734
257.14915168694279
3005.9691154658153
2.1429660872104965
12.88451347391001
0.59830762158940731
0.12307452544516621
41.660662950041576
293.51744237722329
0.1116546246051295
2.0016723153732574
322.03534560559598
73.715886876573862
281.16943473924277
0.91850395805552676
89.062128643886453
606.24705331165171
14.122468651064235
18.53778851277168
109.83612575462809
9046.7146120759971
19.540257326104079
89.541094231035515
33.569818330202821
5.8662395211746388
180.39671531555899
0.070018934452052511
7627.3805287368841
16.611036265875551
2.4183812960158191
3.2654261405894629
28231.688332876205
1106.1661938940824
7054.7694989189668
6794.495671220001
790.42708883472358
17.71188816628851
1210.3547847949476
46.722286557260105
1.6851252390743974
40.283670184839806
20.309280182413328
3827.6802016786646
7.2823036737484568
3.7090560106413753
0.042055969164286965
6108.3827803663617
3.9857669102529671
131.85571156275577
1.2766085615724758
0.2039402086199674
948.20357119599714
1.2841132947134963
21.14187927145602
19.264454049916115
41.682002044079077
335.13197947459941
1675.6452633876024
1770.5277749398078
417.55082231124283
10.473546248725125
862.56551426971203
109.17824852435417
35.371998894934471
0.08914727851382484
9.436832975764526
0.13382077840053633
385.90368097920214
13644.207882082163
656.18309585295208
129.81831364448271
0.52561806514767229
0.0014745875276092027
3.1134803312982169
6.9433494188283005
1429.9569416242966
434.04736073895259
1471.5314119407626
106039.92567516278
7.667011319559057
46.21682403574313
0.024124328533681183
14.389816840183219
168.71424498483299
0.35553270632752798
1.3363624538960011
67.168942768665247
13058.707074670654
441.94425118596644
1.1023850110159379
13.412692103228958
333.42928015798537
4296.4189892431141
150.85639535895407
35.256779845445514
409.6351123091672
12.065674399362146
5.8172642754988724
4.4798858129955885
119.17056964508708
92.992220338050061
1.5093207836177967
0.31843468810190689
50.529233260102423
0.096241997263190812
9.3661858324794061
1.9148997351398511
2.973883470828615
1496.5017066438529
79.527952680600805
3.2559314412183049
333.71916539000449
138.12750532823245
26.166206729495887
0.68325422776215683
59.904019220259052
20.12493266668438
1371.8809001236948
0.6889008771651034
401.24198208411764
29.652635566667854
79.550946185480399
0.53563468991093755
48.50010717064491
0.02479801794951176
67.021453914229056
0.84139962877720809
5.9807181152718343
0.030615909759552858
3798.6818512718946
0.070693386423019991
263.94024363009578
233.72927850779993
6094.3300523658872
2453.3926543151283
17.454572233760356
5692.6998285858836
21.363393293369139
4165.1399175542683
21.706874999117815
27.075083245139567
3219.9712267335617
12.171228349384446
0.075837584843069836
255.91214146106711
33.572429878028473
1.4350340489727611
2213.2612107974992
62.619682792402877
15.371755472367321
5.3742750706651137
430.18115413438864
45689.425937941982
6.5051431942855151
13976.016049592161
115.59188024220151
1085.6619841345444
820.52963703857415
7.4648518927956244
401.52927613336124
0.69874510382707544
7.7444998684470265
832.76461618583153
202734.67051220464
108.36397520711827
53.581564185175303
0.89357957988054493
5.1677511640681066
13.272515970422234
7.0199520220219149
12.385111090868193
0.4591311310056006
8.0951420968994263
1158.3040363266318
214.24653329543293
5.2432982274998441
832.77634256486454
30.412618718687899
19.882677693817318
15.222480082427099
216.00051266113366
1128.6062166095819
54.460479048185405
87.865546543395894
14.237172225306894
0.93032917736079146
0.30432001748599508
95.563990584628058
17.527936562645042
3.3215967475872472
1.4665021830944833
1485.1103993178592
18.575280399935974
0.53972943317688671
1715.3372560431544
93.79216860963443
4284.2949291090945
34.986452849380456
11.546928112345864
0.27112412228199401
2129.2486576113756
3606.3636723496702
2144.4232931001097
3432.4197525016771
12.478181216408982
1.1458371171856165
0.33296967048211057
71.884657739612052
536.38926130551261
0.14382603328193588
10.593118081037275
329.59389314703356
154.13404870010706
28.308185621312475
307.89540881134474
519.21046463584537
407.11199971686062
83.884992206277175
8422.9909250103538
91.749131242431687
657.93813910769916
18.176723838458017
84.008344738506168
35.21942222872778
30.30740605503653
206.95191877074572
0.069934183979378409
7580.0864015007401
6.419801561029181
2.3534252738511832
3.0923382912013806
32554.274955666871
938.46166397117213
615.75683604035964
2.0300707553259976
6697.1159863863513
36.376263685642144
4.5019932654396859
182.6841649852056
1.3679139216831282
46.756931776379645
1.6915031229203328
40.252953463602907
19.088724476658271
3854.2905743442861
3.8856268185606027
3.6676753038841339
0.04365408741643903
1.5253676609948301
21.099403180836276
38.953826366286748
6179.9190164002021
3.5867223548806231
324.59243000141288
2.0095396600129285
658.71331220566344
18.944310457882605
13.411706000225946
24.999279496365563
0.51503714675734558
403.64206643629564
730.96404454751598
10.538134155680812
792.61097330876112
1249.0991531342127
119.60674096986283
0.030258116081819435
14.574034138229788
0.09591189177057359
0.81356166168377131
11377.850583852121
0.1322037917956829
309.98486815346638
118.15460390897898
10176.926892891952
16.081852437415382
77.36124707320991
228.14018297491037
130.08008328717705
0.52177972527047245
0.0043446649121978744
7.6078841838021072
6.3981276844526178
4136.2040695861651
1084.0056376325626
1608.1774702205635
19.504227178746824
2956.6004166990851
549.0120573800931
14490.994734546002
7.7886852476988464
20.359257256870254
9.5739371632074324
173.2496366360057
102.41098141920882
4.9202029884827168
14.984837614416513
0.044183444212515431
25.02218049438223
77.757154061994783
2876.5107451155614
159.09955798837461
1.3664625181027168
1153.1858225868912
13.966702957516393
6.3125010495970164
13893.524825871977
6406.681588484671
101.859900578062
4.4666322945947323
118.3438679620611
16.315911982726689
144.36398008754156
1.5102569683784961
0.30367799467194956
41.816919359486867
0.23050607139795462
10.583359871976821
2.2985561690643461
816.63653773235149
0.13404164851780939
83.252388894118582
3.7100156529224302
564.40611875080651
8.340225086495499
9.5881090415165744
0.94816814405552718
1665.0417101105848
0.68817049243277517
48.605062973247925
51.410782351633401
0.90248829658006158
1352.4074105737443
148.05726314337687
25621.578281346334
0.34677334700179757
26381.563159747806
29.219593157673838
1.1589594633845581
1.6481146187710229
22.534134277746958
27.115691131040759
0.55635558987580525
3829.1571770951618
43.07459964285291
521.3117913957002
2436.9388871825545
4.9188787372848495
109.00050180916799
2.0402122006920664
0.08429572615731748
1.0691877686327345
847.60234986420937
0.92776319590406475
0.17702036681285219
35.054061114687968
20.013682211679047
30.097663291980869
107.32331625061597
403.35945465032336
0.19474276841320676
488.92293306874581
8754.0207630103887
3.5833490575203504
1941.4046588492324
1.6457268518242949
1049.2674122838312
0.003500439211788432
7.3794973354959046
116.21192284468157
0.1638099148879886
0.26766361852098031
3612.0701741645225
58889.408224854582
0.89582402124171767
7.8865863979385615
62.388536763379015
0.27034938810612463
0.26031727058889043
1116.1169400441863
768.85578969212327
11.578897683674322
846.87316353125937
212.43847344823217
49.449912140912943
702.73691941599509
2136.8947933808822
57.518722278559146
11.855266828196763
4434.8740214998388
171.82096501176227
140.85879017132476
1518.2824429297325
457.99500889832854
3.8124010392245111
107.78367463788052
29.132750483696704
2.8359859274335468
3.3854785097713522
1116.4709404230828
18.582475565791555
0.29664267769985764
1696.5104269405415
139.33042165898198
15668.509375357573
757.24524915483505
11.839975883925263
0.57582010274691464
0.10063214120869246
23.97536162177958
239.29460833667557
0.10520986379307955
7.7892150367045714
337.62370396694769
107.11429955607328
319.55918665968397
632.39165150151371
23.762556848861152
23.902385687497723
5502.6184342200759
19.841078444365458
95.862601256852187
6047.4839699593813
34.765875626828937
124.75480190880967
207.34929680134533
0.069884539511038929
8257.2292060219388
6.4426826242740622
2.3811679040159812
2.999915223800488
32378.645455825608
936.78713388494157
69.416515541779802
3180.4048177322011
619.42133620884124
17.368093245857828
4.4973699482581688
46.891601432882467
1.6980640280086072
40.218465590916296
18.650061843259934
3831.3484121415841
3.8731015777499369
3.6423109766897355
0.047500222971365406
0.14620126477063239
829.51464370042072
1.5202785907751744
38.847099778132758
6242.3258217924249
3.5086743559312636
181.88740714662021
1.2540116650909217
158.64705478858701
18.545639374360118
175.53736899669801
14.748377705604669
1795.495710324981
1080.1748418406071
11.297574417801767
577.38709233612985
919.99175295122
59.942566653535742
0.077530087031408637
30.258438000818785
1.3042490744734707
84.323749055005848
0.10866445772410878
11534.317347992959
1.1880081494065766
374.92852233646647
13804.141894462391
16.474850091516835
129.50298926969163
0.31827183546573118
0.0055410033424263139
10.120971065884158
6.8166159071060442
1966.0491592521271
945.64381806094104
1473.1659009865743
22.365278071032996
2250.4420025960144
14399.46415173692
10.313513018915792
46.147842563549204
0.024189985918824278
3.0199794887059497
69.091326779767002
1.6987969718203273
32.623747479608497
624.81717054056799
2882.6836901168463
24.596462876073392
96.473289164003816
3494.0178896060515
151.79654376821546
1.3374514214409459
14.751926411939102
7.7420784954612669
269.08144709057069
371.38573560341661
4.5207766400298537
1523.488614809967
45.773378208223924
85.456071908854597
21.711314006502381
0.73168028180715872
41.673845131702706
0.045445046644818861
24.399281379272363
65.111055153186399
471.94510890108569
131.07451191037893
141.38483046656387
22.423498887873379
4.7794123239385771
1102.692020812513
0.68137169800581698
15.748218073667976
6.9589031920786049
40.968728910546062
94.502201552411634
10375.106154487503
0.34820980905956545
24269.504986311928
20.641865610657973
1.1575265489656541
0.10055469912057272
9.4438312169823835
2529.3394238590067
435.32249273245697
1.1573545350108032
458.92461051287506
0.87270015238693854
1.5748929091860626
0.024323850350223705
6691.5618227840178
22.590779720016435
0.15266398188347713
0.18800765250542387
346.42262819383416
0.68805828080381692
5500.7097592053033
45.434550053413162
3.8109932729505509
75.693010574378377
55.842931860945249
2470.357342580262
62.955312730247428
16.889218877343687
2.9638996054300324
5202.5418188451549
1785.391357175756
2.7518803861804377
8238.6256370229658
71.376632554526353
486.42649480146525
0.054095495243087571
3.1765043363237457
25.551474636072562
28.457144296784673
188400.16795981507
0.42163964540984011
3446.2914058795996
0.89469691324863421
5.2316260349508887
8.3769592240727402
6.6200553528328765
442.9503267962877
0.41330186789506385
7.897985372674694
1164.2015014471965
215.62289774854435
15.504604822599152
861.51656937837322
16.717950117896162
1113.8764491037546
85.731418602829592
5123.8663025356036
53.254609682981055
2271.8939692445815
0.21606236519127239
14.26952247257085
0.93457409343357778
0.30456997238038214
144.31458073211456
89.025452653267067
4.960171848943582
1.4014424361037914
2065.274276685996
18.438991652525495
0.21760882110596244
1687.9598476365641
18.441770046542487
223.5951535834497
5590.2433961546949
2517.3736877104366
6594.0728635790147
2177.8288195087102
2213.2544850622971
10.911378718878224
0.58169918782624719
0.10451968212286894
141.32611014553396
287.93573816242275
0.1550813804173288
1298.9812495746262
344.20710993470482
7.2021903567715668
59.723663930997347
299.6358314611519
1.1746392161818995
57.877813493979708
644.12079850637565
280.99046803914564
58.809142038319848
6285.2247310207349
105.62774100321555
181.77446980312047
39.02463281664928
3.7365659557782602
207.16201982191646
0.069818225070470488
8879.0761541255342
6.467277325216533
2.510606749384011
3.0302232011381447
1086.7745310811426
935.84056575667955
612.95098976502732
2.1011889730833175
6514.5228372573847
665.18748932122855
18.087894801154448
32.074146482730519
4.5441468145355106
212.80419126431426
1.4148268708336667
48.068489543123519
1.7056084120830872
40.204448977756663
18.224976963160415
6659.9005311387273
3.9011755319712398
16.073372078950708
0.79478184729393664
21.133261109900019
6337.9291984280135
3.4416809598394096
323.91612541749856
0.19939107458641908
745.27465876034773
0.86167389595404365
24.779399901518143
40.998281203540515
12.402831595276625
25.028270946359047
0.47200066812495017
404.93512758185602
344.56665084863431
10.471880197063008
1139.7480701672737
1065.8358675726622
57.911904289226598
2.350123562715801
6.6938386001656838
0.47352608849746219
0.12932404818190785
313.34538746066085
125.26534732493981
21.251963781524513
75.199753281225497
203.47382412645507
130.07221644680692
0.53557782120186515
0.0015256924801340353
3.1313307663280474
6.564886479426435
0.017415665360358761
3162.2774355282954
4.2036217592069374
4273.4308676801866
21173.48693345796
14.842444476093368
213.05620155866015
0.1945807561833488
122.66086509376223
24883.636341688907
111423.18827847815
8.063136828069247
2147.5231189052925
15.904805772797381
1.9895416381720357
17.272363431769968
327.41883457065381
2948.2760921865315
157.4649451213792
48.944123020339013
0.057628351265903169
51288.439144978591
4.988039822227516
837.92959732154202
19.331492890730676
1.3413250010380726
15.849050156934267
0.2271866431610296
24.976933903799164
331.94383836781287
40.142023150327439
5.2010006900560359
6.4916967691933012
39.817401380952575
20.175797787039045
7.1617699849870933
107.84506019106081
51.614418650041195
0.66481382497782393
875.72404831973552
6.323728921322533
238.68543778170815
832.39398666163788
55.592382898988959
5964.1134352608879
0.29003621597521312
92188.381978468387
70.395511875346827
1.9782731764380355
0.092463100639618892
231.12507392578499
8243.528952423354
6.0701261387521024
2.5675445945347488
0.25391656882193603
17.609287954715853
6.4855015818547113
0.038543125490679585
107.80635669522309
2.1136966469543905
0.1996664742880622
2042.6740513734017
217.37370581209129
10239.505883431273
6.7122419961328443
15.177144562916366
3.9507108770417609
14.640539821108467
0.19782151976535151
13.87611163181851
76.579464204276661
18.330921232932109
102.23612764200753
533.32228835053127
232.7457604570665
1155.7792443358444
10507.828991595494
4.9689217902569833
2200.9484027879294
1.6384590590967385
1689.8282300938638
590.09923220446137
12.376163429960808
420.68078484018514
0.70368889000513712
0.61456621052896521
3739.6285371345866
11.370450795483684
6.7950062421200741
11.902134319611909
0.67377050022636298
0.23052423035756176
1373.3651788749148
209.17247738791687
12.295006490896068
843.18218733533797
27.546191242244952
21.068426712842168
0.096382526853059744
3118.4093877580408
632.20026870820129
629.34556089742569
117.85992703775989
4056.9038387310443
21.406500456067903
4138.6639780407713
464.98745732516755
1.2658377699756325
161.43292330248085
87.40712548752083
0.2017121478479009
0.66147108383199382
1675.0504558047715
18.390407119659045
0.62173331475928206
1659.8262653693384
34.864128250055664
0.2915405386727194
229.78617669460166
2564.184126912262
7407.0639397726
9.8019886495773179
0.55068290444833057
0.11394933472665043
146.21269041899816
296.95117792472252
0.098178345379360876
31.548463456422475
352.64939133192002
230.00507336257724
287.03579461310881
1.1630589511037144
90.549374924909728
24.078709696142497
23.852700573789861
78.053512505177892
9020.1345803114382
29.597421151917764
116.15774086371513
27.954033455215022
187.31693501465833
209.30053491798222
0.069748688109657134
8732.7192006016394
6.4929367487473897
2.6097944591788296
3.1164980955139194
32126.13104136457
942.66334828940569
611.53049521959031
6649.0780572102831
615.71775247649805
19.115757591935886
4.4992817736239319
48.384985359456977
1.7123381957689809
40.116572348900675
17.800900520420051
6604.3167553894718
3.5935475257639045
0.81393351547528547
38.595226766696349
667.84978042704574
193.72407569490585
1.288681173322588
4.0260200639929185
0.55925988115038527
0.1473207756728096
629.89276752390038
286.22395597475014
20.958021314577493
3708.9048539863243
3.220165619044169
3.3262225532137615
1430.9419745209725
78.18160912252543
226.49776218468918
655.33376629497411
563.4474270238901
78.810854355217018
0.098926781340599956
74085.503482746877
234.52032556729702
42.500981181145136
1413.0221854614515
0.51102526358268441
0.0042543708534589202
8.709335764308582
6.8353353452532906
81.787492452760731
0.031852967033546682
19.697572305925252
93.461983487841252
25.598915356034645
195.31297537362084
46.297721581489476
0.27723979183266362
7.9491956060859561
145.78851124021216
32.970473833947494
1.8652911170513178
1909.7629012611262
2444.5789365177698
35.677580292173225
80.297884960695214
3798.6146399960626
151.10127845074052
1.3304249459913857
1834.1585384362629
952.04551363055373
9926.1555449599709
1705.4376549596118
98.460402445877065
4.3156437096842204
582.20424528322519
183.69188856853896
21.011953537178343
0.079625839632814791
5699.7140989350755
0.094441357254042416
7.5925774950122325
226.23328831124712
8.3331032850207834
5.2466091162583393
691.09135261957454
0.1329638131377352
67275.701464039812
11.030640941400719
231.02780738746284
165.58635282388659
7.5064054616327809
72.904421968789322
0.83974953275313091
95.544888623648703
10385.949441264765
0.28988712839836267
0.079167107660278319
48.539201809006904
1.242901139094325
0.0037773727952627682
2761.7172496223648
6850.4470207420145
7.5372057357844158
269.27443487952155
47.828556359925692
1178.6812045466181
24.784870991940132
16.978444999760775
1.1723160485618176
18.280630728115252
44.095405047435328
34.597207691056411
8.2292886690943856
2415.6686478897536
27.1567851359431
621.94432472975666
12.024607810429547
352.61195269362031
16.232480690686526
13.304810265902935
8.2329326472049171
27.849129178879917
35.414325239507676
121.23682383058009
154.51206944317576
0.35032477141215912
525.50459459127524
1577.3272910561279
6.0043905150889358
6382.5969828500856
8495.2214522468457
54.206219598426358
2.530243448076102
3.8752350855670046
261.56374110125057
8.0611170176586224
0.70140361090379677
4488.0837422200566
6778.8371513350394
37.855075749050315
543.22232104920715
67.381291852882868
1242.1860617047944
21941.056625722464
6.5398361525909525
0.44466785510110368
1.6221520029193974
18.424879385244381
730.00242171560706
1779.8420164290385
127.11200046107602
88.027868394037625
1450.1977930468445
0.28060555197339698
3973.0769842322966
1.032257554893161
54.96659399659692
365.18336186847654
190.49291250544562
0.95468261823584666
226.91660320931115
25.63609241271396
0.2355309575197149
9.4648410327755208
1447.4251090969005
0.30359717015075732
68.323829448723402
1629.6710216469592
48.28742817079241
9531.9036793534688
38.946838333029049
7.9152880460939352
2457.4419337273484
413.44518211191729
2.8401697079110875
635.52858768323551
1180.2211055047676
8.7232583536953179
0.54592863331731689
262.55339010691893
15.884391135461515
280.63209811850123
0.64411649848367691
2.5669416153308138
362.84431437090331
12.697701858311904
1.154314507164282
247.43667816300535
29.671142086489667
101346.30751172597
70.468571191640862
2329.4950367126949
6461.8210846514121
6175.6238748423539
5.8639491855094335
18.055154056669601
27.281123802841304
182.60031809233189
0.069683358205772747
8161.5221902557896
16.964389042356231
2.5770798067618856
3.3272882024615647
27401.027796717208
1104.4938931628815
2.1562392291859824
851.17577326950675
20.348037996684088
1262.5985445003555
1373.9139726053968
131.7027516344321
1.4748609530704571
48.805221314097388
1.71946782504718
25.28853973660615
18.083957727896429
6419.2931449495272
7.0757673549143707
3.5834363127632303
0.042476699850616521
111.50583758346643
0.45328704901640293
21.476659488180918
38.464752932527141
6428.4353220718558
1.929488463319855
389.20184051119344
2.1339498779894135
2000.9614363466103
25.153043861243209
1.8231871347744364
401.33777288250019
858.39823973458442
10.516313948067117
651.97998415509994
116.34064214438355
0.031649416447895706
0.089633736795943136
11422.068555803146
0.12674209210206069
395.38493792799403
70.143480532804858
70.405124566198879
22.065394836758387
34.307262896914018
27.568456740779059
74.507139166050507
336.91717052909939
1628.2414264074266
0.53701444531646569
0.0053325416532060931
8.1872739986115803
6.8644270921177597
1024.0901186590386
84.23711189419025
158.46114744489057
14481.993025739454
11.245716098103486
1139.347770670304
37.271076468275069
9.0643119534109093
5.7751305619244615
29.46387544407575
81.320559762010745
3500.209832028333
150.68971942517248
1.316267846878729
6237.5757480257735
2.6218352332963297
20841.793920283628
2.3871577492294853
4.4691078093476175
265.35927477189807
55.949878797309765
81.827218277430333
2.5284045504920423
1683.1208319278512
57.389548020905302
37.267747125379898
251.38456685675257
19.177347515741186
0.73261825157100957
56504.141075419953
0.042853753193336452
25.306098948057219
245.26888608936514
2.9052834577846736
5.3979757055518567
2477.2094722859101
63.680515566828291
3.5204695473237924
0.49413765072999571
74.375403495155638
25419.071492094525
0.26032777449091515
0.018123042583076541
26.73971414341516
0.41505066175427502
0.036369246698057106
1.7177623455825324
7787.591910781508
3161.9092209651658
91.286620788853455
0.065505294633924349
2795.8670626988715
10.24370538139968
0.18385608928995317
340.68754307197514
1.1439266894652282
10.905355814366212
18.707855426737304
18.343405183014671
1.5850904853134609
17.311642842078861
13541.45423225201
9.908507563508639
1097.0961870615392
1.0749121192970557
352.92164462595042
0.34384497060128089
3801.8452504305374
12.475423829170902
20.596752410437063
39.807135162402005
0.18790739286142932
4865.041467327047
1635.7166258370996
7.7437399547973191
6365.4950447307238
4210.3876865735083
168.94409226343566
0.0035982520410807054
3.8754027051546167
30.380188498600155
25.07433844441961
262.75117458266391
1701.2344626516053
319.45081990088755
0.93925259018073171
1.1145614226575236
0.89437563364867589
1542.8115197543984
44226.000874246609
1.3164349921470113
0.22113471114433039
1.6426288125949073
122.46215243229821
6.3675024554065871
1870.1605552673232
11.274810104082338
116.92462741286121
9.5952465846008668
0.15218860241752771
4.874611447121203
17.634920072669051
17.409296251522381
734.74861486502709
1021.2970979430489
7.263288648136121
426.68055028486373
0.083470221595665819
1.9398261947472424
1227.8893506936367
0.3238184367381538
0.53145619113110565
20019.65070667784
1.8425463479826905
31.196910333038844
5579.0671505064747
7.827387525783382
1.0359494337807558
68.441933654951143
60.403544393247017
577.09537416799935
1.7251054092598981
32.282289507565267
374.05291877144811
94.211408544209007
262.29091254556812
274.18432856839462
202.82947379385618
22.565964085394185
26.709944085704137
27.261903143560037
1227.2236315663888
36.5278952422386
87.73212184912876
193.85531788092135
0.020993905139941524
222.58856427834886
6.6253752139508491
2.409269361881881
0.16867128782208438
31587.657308371297
1172.2626804724052
73.251716083884205
593.55442496352544
14.218138516415806
6464.9158326380148
657.82617701497145
4.5198898536715149
49.278478996400601
1.7268007268897929
26.406196401584168
16.911958843089444
6599.4294631417597
2.703474039844759
3.5437111971106536
0.040458143615544534
168.90139562916954
4254.7313116193964
2.0472976156088247
1.3971598987365232
0.18828571441808945
0.5948270770661761
110.1897432932934
21.410385649441562
40.737963972339166
9.5073290938950166
1813.4361479816453
417.81776491911819
10.442376052978092
1150.7159328409882
1078.7748357005769
22.156972219606704
88.237795037991617
9.2164352214038168
0.12543655367846593
309.14061259699383
304.90171519526717
47.900736604651108
129.28745929029051
0.54884723957901827
0.0016797230191133326
3.9879363356073281
6.6805016748417962
352.71789312043751
0.031821576996535414
9325.4781561968503
14154.138265303329
74923.402031356702
1.220859942715947
21.666201973861888
0.15089065388195552
9.9433089791954448
0.40117254963250182
396.37019096346313
5.9379111452341391
114.19871147897797
36.498406916805784
177.92971277672416
5493.700714983037
149.30862951706112
23.230352315009608
614.63827216008849
347.73471275606613
45.951519053920364
644.58587529113231
4.4862026621809923
208.81700127117071
88.161693991550536
1.5376736405178846
0.90119268010917353
125516.88611273588
0.093402591437192928
29.70039965376213
0.0035477407944846315
1.0474153598616747
1044.3045989023269
113.20380079048707
85.56836499846743
26.883729582203237
23.474838061224332
21.214311039897279
57.832792690941005
5945.6216326945405
0.26255550494989755
0.025484442928571612
41.898407698538826
1.2526610978572359
548.88049399183706
2.9507664403170359
330.99018637024534
0.71200622380345746
56.82628884075676
0.047394470000215322
3.9544513510102903
25.612648000697345
15.376681648060567
34.939145453378693
8.4957998668065766
13006.262639665969
26.503404478553478
419.98189933932395
1.6896378064147521
0.45293694557512215
12.19054232247697
16.032265411230732
8.0227270181499559
3.1231022287035124
7.4783098849899785
0.187162989511657
699.19584551466119
2648.8583340886444
6.2394230385025047
897.86759907262479
9379.3598723726118
118.40284457807972
0.53390081021167801
9557.5074343905289
0.023031661773386076
4756.9736911853925
15.059510513290952
5.7218018224842036
0.89548941781253133
1.2279593540467471
2314.0394292564633
5233.6011449272155
0.54705076656212004
0.21674298361145844
1.6259728607568762
1.0448569602222253
0.0036303300508827322
48056.400815111068
221.5111957146558
32.539214523129935
0.99130146950467124
9.864459505608572
33.944664989902186
7.8634384102962889
16.338110756581081
7.8298452856222367
16.255267021589273
3.7831911996678018
1.9294469857880807
1098.4129361183896
0.76679963560207742
1253.9775973437113
321.59084382741639
91.342893811944833
787.33563799703597
6.7107927886822836
54.539776997721546
1421.6381420080288
36.858555353326736
20.649676562238692
956.71255675983628
16.430368582904308
372.16812294668875
8.1165352793876284
11.82249126304405
8.7622573882369341
317.1989568921685
1.4597507929421663
31.881926027919857
28.514133800345746
1.3866972265476427
1370.8284490832114
31.612469638391385
2.9823370287836397
182.36908455277558
0.11195128829836809
108.04484349579432
0.00020167409460475173
36214.916928996361
6.8527611382298117
2.3040465993520503
510.2013796325769
77.538424542645686
8.4120835648488903
530.47330010852681
32.348067980583764
3.6738319394110079
50.158347683412359
0.56498354894115987
35.468652865883179
15.042678237096949
8448.4101391277582
1.8807014407891154
362.39542662136961
833.11466241487199
1.4083178840042152
1.8631730061966823
100.38555991192273
0.26027493373109201
37.676798423347691
14.252775603701132
1648.6216482604825
420.29422103125563
11.101739437912522
1169.0082086405421
1086.8205442744704
24.545098949075104
93.6190950545992
25.652726557073184
0.78832633892988424
71.537841068224182
2.8396690848766939
97.053200960812802
127.4570526181904
3.2766445577121908
0.0043602615930806044
10.366916628623143
7.0136783466630428
0.2830419501057771
2.1271053792046275
20.091809979067406
53.463479133937369
0.22527102500207785
49.677903220367334
7.6387661719740043
4753.7396625562724
35.021049293521585
175.47894723529069
4069.5750498085008
152.23364972250624
9.0970536386295393
606.18428853079195
2.8792086275150219
23.284295412653897
1569.714279693244
21.117287627856186
0.85786284527692414
5282.5208829174981
1.894180451352049
21.237608116352533
0.0036457063767214473
6.8822187083305684
0.055239964096851273
0.2675119223809167
70.007211424400396
0.67568187853731121
2.3993032749912482
82.890300932727712
392.98196179620834
97.084669788480682
24848.309787570073
0.25797082101172275
0.081178702798026178
73.015557883747647
3.161626515320493
3071.0571246265081
12.119174404400397
18.705802243304252
374.94936664517525
309.10540255076438
5.9778077605451916
45.287032534313468
12.654252155646954
14682.843842327246
54.233972345304487
11.028386853122068
0.037264234078043759
2.0822115649903124
1.4843973099519034
124.14601049420737
7.6433427515321899
4.8772152112731986
0.18827963653463009
4933.258516314766
1863.9642108359205
3.4702724068846362
882.88101442984828
13209.183081255487
19.904743128815198
700.58095898672343
1.7271141759714934
40.180737447123612
0.9666047922167389
8.2638651187686349
0.086884464053679306
0.89421186972551403
1368.4839003805585
2230.5482215912293
2.8168422011565641
37.536952573962019
1.6024019405647634
2057.8641673853713
7.3252829324574336
7.7085294172374681
0.56334376142638354
9.6978818813392653
32.478623468089317
16.06474230116072
7.6670799301409
16.2545991518355
4.2438152743289699
1.7761649480119557
1423.7760387433509
0.49031960976464656
846.43020357625346
7.7115348616986665
980.7674582093623
83.539296278143226
38.185700943388412
0.40841912488691023
14.315958889789076
249.88142025802858
1.6807840661202198
5.7293524815871875
1654.9819670313354
1.4161756923621385
14.83480538303813
3.1457063620001668
17.470348063223494
52.425210437050154
0.056804350872971608
24.10940309093376
0.50126077575999739
20.313591614889301
164.09831943127952
44.174943236173981
1.2162561834663193
307.68913208594921
7.4854516972504523
1.6520089126282718
1.4494598483205137
30864.068350349447
404.08158811229072
3.3606843545057865
50.821809861379684
0.56101668821928363
7.2365011091136822
14.697645368069674
44.214222492645249
3.489196893028045
26.099888293923378
0.27644664858947626
5.5499046256320339
1.5168632153613684
2.2207442951341805
42.809639529435188
93.602792598583591
2.8762057023413705
293.04537435382525
3.4555945596396325
10.415271109171313
7.9484391721232583
0.80055989921669557
123.04434694256494
0.63040868481667811
1.8626666368316378
9.932725949561009
19.151773714078789
6.3563098980665904
173.40785303197779
0.0043415738730125629
575.382838919704
0.033469670721120677
0.090069001577700675
13.060837757372211
51.806532878078912
19.46388573653234
1370.380629000008
17.372426413468155
0.84160304396333097
1.7377250463376117
18.802129664729883
126.76472853902818
1.4685189450154303
0.067212815079253432
0.80141599539713015
369.1384280307683
213.74494481009054
15.578522730654631
0.24581776998868568
14.167008331287464
58.992627061943033
6.0540913208955649
18.207815956809704
0.46632036468798088
0.44088091041140881
1.9064677771592218
0.19056091814023049
109.5004972721849
701.07581335294799
6.9554915819432663
0.19844441593117765
8212.5499685001887
3057.906810398255
22.837539928920339
2.4505957596367356
0.11482251762064248
2.019652634365416
1518.9391333481474
429.81515830543492
3.3026544843859824
0.99627575764380416
118.01458870987292
11.616992170036607
27.997743761451741
1.452900369717864
2.5878147526766968
927.60254032820592
39.469962273204843
2311.1886031846248
5.2053400130373353
10.916189477322366
1.0317227357394252
2.0150742530493275
2.0390187714609134
0.44763239106195957
46.693723255489978
3.7151425389641242
34.243112450488574
0.1178117829118985
157.55728964821969
170.84695234163752
2.0346097219332395
2149.5751287544649
17.769391051885762
0.25556344359191346
9.5579814665935761
1.6124026303088173
0.77099957253552343
29.170409386501426
40.644995368071619
23.749927121584197
0.53126803690165525
134.89887205306496
11.898231831599686
806.18726753120359
1.3726672985364574
309.4874161101618
6.6397013851572897
2.2883405532370702
10.042884482670448
5.7174408141796036
3.398402686350166
3.2687019475667096
0.50221816178489986
49.691492606976759
0.10843468763687901
84.604045616047571
14.225917527362776
1.586345687377845
1.5232923454119267
20.815694938624642
179.08803400606976
0.00020141543195971529
31757.267975754592
7380.5457315504436
16.474261438732516
2.830431251173017
51.601208672911859
35.553336943399422
96.805152184473059
14.343480027069351
3.4733081603961784
7.9090435547706539
42.030471381888184
1.2478861567320283
2.8297045195559325
0.55221729591943336
10.421323291289344
0.065117981878839687
0.24842400423674829
0.1291413023202779
1.3843068474182547
49.945125966360479
13.399496927142286
18.900463582458492
0.0043927938150352744
166.79520022278356
21.906987498630173
0.21635998634324136
0.73925063932153301
0.090010805028461552
324.96457181408937
16.916598495678507
0.15909783769887947
944.608978821552
57.921511859399494
2.9543895980214918
5.4110970317622469
7.0326378348070096
17.593963154583708
7.3803767184945865
1018.8960337303083
0.47271629991518349
0.48826688097669363
17.600651514629863
12.816268852030607
6.8006770926754721
18.783422568827646
0.59929980145933925
7.1820912458813693
22.402232205650016
120.65465981175733
51.770040050088042
0.81163272431821143
13.45748305998252
0.81102665827154474
1.6936243996925751
16.090617105711367
70.031505403236736
0.11310080621020803
1.1949375451428221
0.14976214373865704
0.19741272880490512
0.2065622816833492
2.4993651111885264
24.109781703738442
2.1020892832736187
41.136669424810599
2.6274183943436249
0.64826778758103587
937.55496038535978
2.4498501498680936
0.0037286312410026441
9.5481398294285036
23.976795590143116
2.9955248218956858
0.091140260096303077
157.33842206696122
2.5687513473371393
33.904937549194052
10.936363703174703
4.3285848839345986
13.780772862529501
1.6295688972193065
0.99783736908226917
254.8683460551068
150.50451356660915
1.686738758108034
22.418559536190383
10.824395040368533
0.19300540697554541
17.294943313954025
2.0303583184393124
3.4440155322544843
20.078738675478974
0.43278689454538333
0.41275148704952019
1.8287720437327564
5.8037501660667674
0.073220424912006282
15.181047492647714
13.17728634374607
39.045699251781528
0.00020129966639512224
1.8785770019623231
1.4282436908451974
37.589128400949562
5.8311877678072621
0.272420360345833
26.129807953096922
7081.8100051613028
2.8238169190339693
35.154356987327006
96.53345232128676
3.4566711714094236
52.411525166678658
14.293047725206927
41.039130051704611
1.3995461859713456
0.126285555544529
9.8253972215442591
0.54746598458311191
10.396815730714597
316.10601791906447
6.8194348011198187
0.25682174759013932
226.48614773663135
3.5570668510610579
0.0044401376747944315
14.479701501534274
0.079881753856002422
0.1795640397795143
1.4146663989711714
36.692788274282442
13.262779281468491
0.15863496763328186
10.127342177398313
466.66229197679365
0.075692405874299762
47.479922352085353
178.43603420841527
0.085718560097559959
6.7514882346560636
1.8135485808427898
0.44872902489026739
0.078765292934392342
4.8664027412887343
0.2827751313403149
4.6029696225281001
9.6724781125461625
6.8552455151099636
19.841385966676818
121.93333978723155
332.84215500532201
21.386091188325381
2.3613855099838723
0.030678581332351192
213.38840350110033
10.022371859152896
152.4900599338828
1.8710129180088966
0.9661816995742798
0.58358112490443326
1.2228878368562408
7.809202919264826
53.726871604145131
1.4579867545716148
0.59597384300190259
9.2684984563929529
205.05926784550059
0.20375690709195579
1.0926638515441747
54.461627600289326
0.19687024980382084
0.19306044822514434
26.251422174598016
0.0037643948674251819
0.032541859774766493
2.2419051973454773
22.512574487367449
15.516158213039208
0.76455406331799625
0.89569659176047245
2.6926965343153384
1.6196882145157709
2755.7501135169396
2.2012335003409262
29.554036198486486
13.299594697622256
4.8064045573271654
6.4531203267390849
19.122239675827512
3.2544306779036218
0.3780568629940011
0.43401027098640221
7.2565048316858087
0.32370615966390581
4.3221994342195975
0.10342133670290395
37.540620230843395
16.852992588450761
1.1942937690388131
1.4277068228318417
7.403193944110229
195.8394599715046
0.00020122425012137835
0.066859252975496913
667.59499638174088
2.2622639451666919
2.8155287943212177
53.280506528337767
96.258178060251936
41.425747430889167
3.442077888714858
7.9414587848927676
34.807347006478942
13.717721983733679
1.2338525158124452
10.374602578213954
431.13053270660623
0.12626437605344756
6.8946631311502111
42.459936658460187
20.485892732207539
0.38068478104976844
0.0044955419439779631
0.033559050646013222
0.22270915331346328
0.20331359917558312
1.4443338837507402
11.187039451879132
0.034898892593467727
24.079176506969425
2.574734705735517
5.2377685912094067
0.085742395198379978
22.241346219627495
52.316562355200937
13.740388014460107
455.23104364751083
13.260637786884379
0.27504238131229986
4.1103323705098855
6.3710730391269221
0.89705290325016429
2.941095354970364
123.42946779686513
1.404025191916044
1.8733187705771446
1.684407403565289
17.333648379726721
0.62919648233188696
1.1416815576533776
219.72890034338894
52.738678958610507
0.20336995618638459
17.770706494822239
0.88266860540189385
1.3197224836976735
0.23319002730029417
0.39744304307345757
0.029381022890999416
0.19330775174729795
7.1760560298328633
34.208306002025189
0.0038183985256113025
38.59442475909907
26.17722477154144
24.553132899086538
0.19587098696839578
8.044686668091698
8.752064423267047
1.8050430392988244
7.8399854140358656
0.76219326582931191
0.015118317158425366
17.024569612262635
3.2441102375099078
6.66839601230682
1.6281105468120745
1.7332062389796994
2.9517876917230996
24.445452995259881
17.413460419293077
1.2607536703100444
2.9659275150130875
0.39128336953187221
0.94746364757006518
5.608317713708149
0.32628380657259282
4.6267460327315888
36.827510274697929
3.7587181168662718
0.10426998852011664
1.7062026685788212
1.3004068602283014
7.1950182622828365
0.00020032913562142651
0.066138418308352986
2.0085921253145322
2.0518727114964768
3.6927896379881648
34.462287071211172
3.4894149404708781
13.341430976084553
91.78586067448407
16.357585787738906
42.549080235814309
1.2260989490565257
0.12917780015932531
3.280840016187534
155.54203011112591
76.558785233875426
0.45349482179969575
18.194337241834582
14.408849978395295
0.034395343408589983
0.087782497013535757
213.883577840333
13.50790034281675
0.096651145097566643
10.278793409248745
440.22623471892041
20.955338943692063
6.2139995300963626
0.18038162693101922
2.6848897507873155
123.27505903698946
12.171652032152899
28.809061142781538
0.45737839109108691
0.28923400174384339
3.4159247681532254
13.655060225322504
6.6970640001881989
0.0045353171944649898
2.9158038965268678
0.75738553660894536
0.82383732285556166
1.8684320828597072
3.0409238359215758
0.030172382090754409
0.14686825040262616
0.08009298865585314
0.20495762541223866
1.3442892102675115
1.0419890038547983
18.143075440045493
27.243123346886016
34.114137458020196
38.8705226657355
215.01088649045957
7.0766532672038016
1.4692351458459374
1.0769050518656382
28.845143996381619
8.856032653818005
0.015566339962378195
17.453366137256857
0.19498830643166956
12.846038634633231
12.093048087675923
24.055361947747919
162.32772816211963
2.209727997089753
1.767018556794425
3.8722670355613986
7.9792321214015267
5.832784816515435
44.607840301663799
29.713422708649222
3.4073330375153046
1.0623224021888704
0.42321891496346004
0.688137253088969
5.2248203840784342
4.9945988504183925
0.073140886055256205
37.315233227436266
7.26630165678396
0.00020099369235397559
26.521341735876522
1.9424418719821761
1.4788088933193557
46.766991552336627
0.066634165527283212
2.0631317948260337
1580.9274436895762
16.375364545241855
3.4830652797648809
4.4998433274968086
103.75791033565012
117.09051499140483
51.287509875629112
2.389718353701602
0.12207780304643195
214.7573886406831
181.43723729279324
18.182890297719272
13.85724775637353
0.54160839414740603
0.0046749381960664955
0.076752010452987768
22.491254321715182
2.0572899655683616
0.48228898866771863
9.5275219200545891
9.8821712497173966
0.20833805513340425
10.24861630490823
3.0647155607776857
2.9779073376702931
11.235946830747379
160.67137937713133
0.87487243556759475
0.5165038681819748
12.167600298382244
4.4735450869901374
0.32100130847040082
212.13946103533945
17.406079610362298
2.0077660161869515
2.4999395279120935
2.1475372345148394
0.23361772086464275
0.14772705912701195
459.40959032207013
0.65619364562632454
0.20378686134948207
80.1043335954447
5.1040065702990054
3.1691533269838792
1.7021333173670237
0.29863519558636609
1.4475515617783863
21.538163742312868
1889.3744468303778
26.442669376858461
9.5169693313374904
3.9916494259257642
0.065033502358781553
15.730568535960284
0.60083102603340688
34.108224904369543
27.916600628629304
23.675351187188802
52.174121878294386
8.408164386028206
5.8512976741697989
28.423777273492352
3.7322176044925195
1.0884029632680954
7.4515445673345537
2.6548313434248168
0.48280054595990407
0.91503032345022906
39.311504907045503
0.10857729558806704
0.037207776069443803
0.5802475505819209
26.588482332827454
2.7131363487236144
1.5764829790434995
13.44197358420015
46.755698727871035
2.0716283762049752
5.0456912528056881
1578.1810516381975
3.5146920127038346
8.2252037781523057
117.0398125762803
28.414885444484877
2.505953954129629
213.57356121450601
275.12339739400812
17.935913466279754
2.2000721734625026
0.12223474902082307
0.032300926339649455
52.201776900862321
0.56363843670557423
0.37603273498626227
1.2212138797136265
0.088425026885672622
8.054654712069123
8.0498033368193056
0.2207827059826124
6.6505424140300686
2.5877412390932779
37.074943954767598
94.119926612149413
0.35227153858924931
0.55329871073417136
9.1745188394536967
4.0099776781240522
2.9469336611993375
1.4165193461183119
0.41749495463693148
20.511083934771097
0.0047203032086610645
119.2110616562815
2.2472252339117858
0.22481415127415749
0.56342912069927476
0.11423841302242542
10.953237881526112
6.8132207790959001
36.479554628752467
1.2610287382278553
1.4828481385287686
11.527074179529425
9.5774848107231119
0.00085235249313773921
2.233416697316259
52.911960212038643
8.4315094741452707
2.8912814874953776
1.8894611120341993
0.19348987640179027
17.804582624862611
0.62450891302615241
5.5176477458870439
0.40488708034314952
68.280549714730924
2.1852731971721391
26.364648579197237
0.99900135943978496
204.37552576444875
2.7440889603831309
1.0655379356075414
0.95777825870000022
0.10998044241680938
4.9376122540278828
68.352055307886374
0.037026932321039929
25.210489512926408
0.57881788239284382
2.5561622900637557
2.0911267298806866
13.378918366413776
124.14842916617134
213.85662575546076
51.672377546347768
3.5322150135039045
4.5063436458014836
18.541704313990433
4.0025067460984092
1.6677498086447236
1198.5599669858898
74.054223753761292
0.12063094172552782
0.49085929456500316
30.869174013702438
0.0785215277783987
24.504110610488475
54.370025647060054
2.9880394168087743
23.724286744576254
32.776603405741476
0.27767311063225991
2.9275823675951989
80.707736386197354
13.333274219956827
0.69528413642635067
10.352945258716298
6.316747591774976
0.004792638454686156
1.2363061893332237
2.3179474539496257
12.312350996433402
2.3376453220975506
6.6894067782036979
0.21125972876303625
0.24683161528766978
4.9269399973583683
1095.0650524444743
0.19290157609444039
1.4503681822800265
1.3857370297766662
8.0411038867499798
0.23780917508544341
0.33569939389798753
10.309699073303724
1.0142248967735961
14.328119464541281
0.8968462522834868
2.8228678918345778
55.606699029057417
2.3452572322205594
15.746106636874439
12.116556122200468
0.6184358264722406
23.978943090697598
2.0040031771159561
1.458995217154885
0.41430905478899854
437.40362911153562
0.41753899240703812
46.823273118474695
0.1094769712047504
0.48908199665770147
23.853007721994448
3.5971557930453644
6.9003924081205721
2.7165610942488283
0.03877626173242639
2.1025578995596037
51.756910296374151
3.5300529926168243
5.263645328228697
124.36538857430094
1.6773471877082307
1197.641922848909
74.471160906632193
19.214180719903844
3.9345224959081402
29.704028747753558
55.239742800602848
0.065686947117058456
0.1219647126276739
11.581605591341306
0.41632178507986106
35.513494004941862
0.0048475275779225474
1.5303657374648145
0.24859296783530457
82.05932690150037
17.062671018172008
0.58063147849686358
2.9567334467699991
10.582900153698192
2.1579906930578074
2.7091525334373157
8.2718501078483673
738.72645218158232
1.1364672795621038
2.3722317291940653
0.21521332193697529
0.20279050587290654
5.0291263915882967
0.32863083980709323
1.4570368595442496
7.715126480974086
36.512630823711113
0.19236391831496993
55.573142393225112
48.294821888147055
2.2942961462920186
3.4698662297726028
0.62359167794883119
2.4343038177865535
5.3807111451061642
22.242327325584416
1.4032864237212988
1.5634059384783257
2.0703197428351396
1.5099853437227853
0.51626653135943068
0.27495708371018146
0.079623601011730577
13.234466298809203
7.7916128949489565
48.066302664174422
0.037696997712964676
0.43889185582018064
7.088253323264003
2.1080689590512511
3.5304155404581614
5.3231880079148679
0.47710262142542564
1.6708508210215971
29.45682756058498
3.8510728463352173
0.065458777143657387
73.959942063511406
67.833073415464497
16.255098243176274
0.12044140703524386
23.337432206686181
2.8639686338124326
38.389454001129508
0.098365358488425883
156.87562233563091
1.4449810036796418
0.004903267636730828
2.8032702615497018
13.192491215272216
0.76869859506635474
2.1672063856852017
2.1553578172541994
384.66714219459101
3.2442111577244317
0.2286636083022322
8.0478498378599195
1.4608220770128328
2.7573780103313972
0.18377672647110363
7.8108017229233759
0.32575777183835675
49.277834157473258
3.7288343904770551
59.677246587287883
0.19194000783702217
2.2700141900707425
24.89186181671516
3.4744002097070119
0.62741774596634126
21.605052208874323
2.7941383407561107
1.1943063134124405
1.5749290896210653
2.1328915095091117
1.1439239138713442
0.38331160598637326
17.015876012864268
0.38093554284795683
0.11586288115541264
7.4820097272946891
6.8575382843798636
48.125906031249805
0.037432477681095443
2.1131743677088171
0.44082418077628827
3.0897289874391118
3.532173574210832
0.47795286337914211
3.7550728754549008
0.065229474333158052
5.308752330384733
73.712740419384545
17.631737747164781
151.54480184205613
67.993395709858248
0.1183863900547138
2.9863627786932985
157.17440425219655
1.4724335067926095
0.19523463898408461
17.009986037396207
0.0049671917523400376
12.264868275173892
2.7981979973341193
13.441196614805584
0.73197083916251782
5.3095208624948453
11.014674755391884
3.1912665239881188
2.2049759391957928
227.23156445208858
64.788768815757578
0.21702492015099498
1.4730720659963872
0.3726281182781922
0.54254550424282755
0.19180503422183531
48.28857086990606
3.5119251297327545
4.6567632515985995
248.07879380338591
2.2914494380107899
1.0399478108794187
3.0620203610136518
5.8696837129462089
21.941836730692746
1.1825654668081873
1.5898787444430955
2.1492595743552498
1.4234203476112217
8.261028176704956
0.28837603689427988
0.083702840040875096
0.039010695536750073
0.48804837603036433
25.409018958285778
48.22375145864973
2.1179100187746247
3.5372260589197917
4.7097276330816511
0.47048882179506812
3.1418804575562245
0.065141950102664034
74.047605096508164
3.6860947715679022
67.896228646607241
57.094620809867109
0.11682529752971134
2.9788041345324072
157.45158905565583
158.16106892594718
12.84852468983701
0.61771820559562762
2.6098546706757611
3.1513747783727228
0.57715591591793469
5.4723937347466451
0.0021597840617414731
2.6898079812398668
0.49318865022929265
0.22007441027634433
25.48367232712846
1.4765346957915679
0.077539210102873624
0.35695760202110566
48.944932151535006
3.5712569788635502
4.6490756331223402
0.19163528975667971
2.2598309459611974
1.0444691446229073
128.32262175812409
2.3535156309497123
23.000124499098508
1.1004593042724327
1.6004125016606254
2.1548752343087894
1.7130689412826168
7.3984347803754424
0.4011040653695207
5.8685685799195015
0.12301863427447973
22.526813464534232
0.041048738755711356
0.48891767523377822
2.1210781796510134
8.11157748031812
4.9621386632241791
0.46300078222478003
3.2076799344767415
3.6099663792863339
0.061198498465651278
73.584389206534794
105.15651625633002
64.766703343861678
0.11479516672043664
29.887958601936209
4.5564256919665693
2.3193259789810305
1.0038247254732413
0.0021908137036164995
2.6478619746985168
4.5264433651273937
0.57683650101181871
5.48342885686756
4.860632408183915
25.569210852272811
1.4958991423222379
0.079269496141536472
0.25859847037476125
0.35686352849406133
5.454189821646386
0.19159563474495314
49.778194758699094
6.1350490129619173
1.0471668876968803
2.2871727364721037
6.4820474338395835
2.118162262446083
24.368525727282162
1.1350779349064142
1.6075624619654558
1.5246926518895119
2.9701144934917885
7.6104240397948546
0.28937197167325079
0.085429758835471187
5.8649031893641368
0.0429258263033317
20.733815465546972
0.48615677605649493
2.1229689422928377
8.208047539327934
0.33433586846002289
3.2770122033530558
0.03199823170135311
7.1112068996066711
3.5801127971290199
105.30205077110541
34.65058405177
0.96781521899643963
0.11315658152073674
4.5370984593229604
26.582770420246021
0.0022359416161571409
0.46787293934931323
28.393653919276432
0.50233886451995291
7.1166480846925166
25.68302606696011
6.6605915896044801
0.19827667230573193
0.24510574408660424
7.3125052915410738
0.090740958456452137
0.38777958147334696
0.19169562654041847
1.474532602017117
22.273615565035552
50.451664179246123
2.2869124145718738
1.0445291356325419
2.2161692236737034
6.4426625666356214
25.593201026314794
0.83563828567745324
1.6143290014355309
2.0851295566503585
2.9621283403261849
8.7547511136805714
0.066266991465791639
0.29017754404809382
5.8718430042951946
0.042975987690063638
0.4830049189944079
20.709003757869148
2.1238498845194305
0.32938451694222881
3.3325881417898211
3.4719520365385193
8.3729860258767292
8.0216036723560098
4.0773010929423199
0.034814805162101184
1.0579873545210337
0.11137295518380989
4.5429713295008121
0.0022829112061944815
0.72087166936210601
27.7974647443971
2.730014046131152
22.878694054587481
25.801155086420309
55.731588838018539
0.24699982570335113
0.23438378395666829
1.0585621963054674
0.10272601999495766
0.41712060599799927
0.19193122184860084
1.4768511644034108
22.973459643626299
2.435541807764372
47.41775473322447
1.5289385508415225
2.5637360462630836
6.3751887152094282
23.536270247566954
3.5591123383742889
0.90440547775938718
1.6289584502569507
1.5099686572117497
0.095596914311956119
0.40851817110580646
7.9590859230671898
23.153508025579157
0.3618358010213163
0.5555831602988649
1.7033232069058866
8.5508204623934105
0.33455849339891902
4.3754214815953301
3.418320036385726
0.32698992499134599
8.0573788833849331
0.033342919592953449
1.1933235525126196
13.101526543325084
6.3390549183895741
0.0023325256096326345
21.569772636963471
0.57079027774796587
60.708348458564743
1.1909772791920887
25.42579795249716
25.942267704335706
0.23884028010282185
0.26245344049870695
1.4792068240328662
2.9348994721496182
0.10791253526538512
0.41749952653213734
0.19231557798874882
47.918731838174239
15.24749736929388
2.4718232517556484
1.5304586901185615
2.7503467251725331
23.167224178602055
3.7407166704465436
1.0983711297948839
1.5981680720041434
0.066861274124473916
0.39838606596443527
7.9585103654476832
0.37504957308242104
0.7670711867717358
26.268567414548613
1.7037499133222649
16.802154332421512
0.35516948680662352
0.33147622738952598
0.0023843412442054058
8.8777197051285413
0.035554653086742036
0.50204839191197548
21.556016170394237
0.70691621422295936
34.068736351716332
6.2813631762344979
0.66351010841863334
0.77712943404613499
2.8112655981974668
7.8378033099978204
40.796891099831186
26.070432000503804
0.24314866912277156
0.51618618608650435
1.8220948173952241
0.11187737915995999
5.29851542472045
0.41008324846746541
0.19281211907344403
1.4811631689257752
0.61148241110053314
1.5285507427547291
2.523657562704499
52.547362128516063
21.470801666217362
2.6518689306463807
1.7978844834462695
7.9631338620357868
0.097603089671851009
0.57213997836779351
27.026527623913648
0.36826775775032444
0.77303221173702619
1.7036150673502317
0.33085009841820234
0.35586546057430013
0.0024388517228895634
14.552632444405727
32.451942780483897
6.2328474549385771
0.035240602198260605
33.238704489435499
0.66042749815442259
1.3001614919985309
0.57361293096996502
43.087237394730835
31.332611378483467
0.44895694703690436
3.3142585551479002
0.19338295345050643
1.2410836834557342
1.9609183191169715
0.1165301028311836
0.00020009191931265923
0.75345355006755277
1.5167152829738599
2.7695245532843758
70.822253318210528
1.524190043926329
19.590966327717137
1.946181746275476
0.64925084074617956
0.37902764270048156
156.17962372713552
0.34368314143054474
1.1224617217652593
10.885149234332074
1.9863122152842969
180.19702803769459
0.32804030024212394
13.079337970305872
0.35862147376013476
16.113335521438625
53.112166502001472
17.700861278402392
0.65845356485630968
0.036187046531539438
38.640983436041545
1.0957437177606759
0.74316491841683319
21.006561703307586
2.5452260132071292
1183.0223139645345
12.358713999153558
3.3947474375103037
0.00020009843830597551
1.2934881270357626
15.739113857279168
4.9256253988444367
7.9879967627351789
1.542096049383124
21.502247200162305
0.66235635075767052
0.34388365319862174
0.56693820150179508
22.194549715453121
1.8086729868692997
20.151558494320685
0.32537845845243324
0.35940380753409656
20.938394514016352
258.72686318654428
46.78083301964773
17.914846229754474
0.036385628925732078
10.842118257565497
1.4649058427090111
21.15067685359546
2.3647409501098631
0.65741488457775776
3.2609108635095825
0.00020006535494050361
12.413387590352411
1.2819116776139186
8.0074638802611506
5.5533491020103298
1.5431808055837533
11.516334949094283
0.62254052849246522
0.13703183893101989
21.903143085050235
1.8021216092502082
20.093172418174557
0.32290122205561483
24.327566716247272
0.36030326332227181
261.69271223829117
56.884076329595587
17.958804627490903
0.65296673023703666
0.036153576309408478
10.792048178621689
21.238919075786576
12.462026730124501
2.5192505171279689
0.65844094399324071
3.262194998723118
0.00020003954186294205
1.2705566680886657
6.1422495797091
7.9820177094560334
1.5437926416333392
0.017222636826090924
0.61822434490768119
0.13712858885878396
1.7873344538071203
21.558418349787537
19.962017304639581
0.32061515614985614
24.283927389398134
0.36133729348054805
264.46280040390195
56.836636775298096
18.004870068621308
0.035897069053244274
1.0373405987504993
10.736307766536642
21.350569258621505
2.7864937433623855
0.6602093883604091
3.2625451979225257
12.533002110476694
0.0002000243735875705
1.2599799632530038
7.9533109235297088
6.6218822841670262
1.5439464347429697
11.539270770482201
0.61738826911437295
0.13718751587571482
20.948679404787555
1.771620368026523
19.76180876290686
0.31852612139187392
0.36251118114526976
20.832714238470459
267.0102655727074
46.164306017161827
18.053338977595239
0.035620439373673124
1.2117737885127677
13.130959287791557
21.38785242221655
12.612287282103509
2.1209041334407082
0.66062505081217071
3.1756378869919044
0.00020001878046436127
5.9268416064183827
1.7269028770837065
7.920435210921065
0.017330860456434487
0.62660942967331779
0.13726430362640216
1.7469849026021989
19.533681016854949
20.015016471737724
24.096095917850438
300.01760912245857
0.36382806198716716
35.339935674657255
0.010126028357032133
3.7523260742666373
0.03492091519370305
0.0086552186531827571
5.7465769156451279
0.74856176802973007
77.980125498410033
12.694834760046431
2.0958611385311849
29.724152079093095
7.8930771053165261
5.3094768331280209
1.5429285762407052
11.647565828075736
0.58167591817837716
0.13729438694452081
19.313338088810522
1.7294421786631569
19.174313659123875
0.010121790584590111
4.6446889558360693
0.60206846923774571
8.3112942155990677
0.81016578430404784
40.47278171958677
0.0086472860498198502
5.7767924471771837
0.034623909974339923
12.814496262728026
1.2346460049687253
7.8583125787079728
5.7506858549761866
1.5418692897821695
0.020051384064557896
0.38264951815071313
0.13728324802419484
19.190069311267955
1.7345807576579031
18.800210306683798
4.6345385738572427
0.010123101788975972
0.6065900237341858
3.7027786165245344
0.034322306117965266
6.4705799441175271
0.81188331083410226
52.296777635269777
0.0086386626052199853
12.902604602448598
3.5681743624389655
7.8264998046078116
6.4154668297661655
1.5402514196556678
0.020350389547778462
0.36829438131850462
0.13730733063323763
19.711220472721916
1.7489624451777941
18.382141404905855
2.219375031034406
0.010125304072017463
4.6241055007885734
0.61184602699572444
0.66653020097502669
34.8130546945318
0.0086758958319174719
4.9999396655275268
0.097298284486717027
7.8010739035438448
13.049672095898227
1.2205801881903318
7.1032440114119977
7.8299107474812937
0.24591999819456947
0.13731557720419751
20.049602342288395
1.5382202454931298
1.7581871598782062
13.12308894480662
0.61814490185137294
11.217268584203289
4.8827021202502978
29.123523680384235
4.3299142122576493
4.0884309713428602
0.55303666920115069
5.6911099794272166
5072.7703322642274
3.4280201320359249
0.14059145268006767
9.6281642891223687
2.4795774709163556
1.5360087397152253
0.62492240335970695
11.177759042850646
13.25676853885534
4.9051694984115519
29.413920377781704
4.0642620859707943
0.55226011202091863
5.6680815688539861
5056.0435718405652
3.437888435833997
0.14056997869788318
9.6402300807300456
2.512071628282242
1.533202945316956
0.63247090978851983
10.647998528845905
2.2483088099202684
4.9255683247868616
4.0356242924458607
4816.5803259853255
0.0086626684636426417
0.12613594053061472
2.529585551168458
3.4208381311746883
1.531488606771132
9.6521699059290214
0.64079196488144119
10.639387914298412
1.5648545606527748
4.9469450693397272
4.0085405618352015
4801.5556448037378
0.12604909089532948
0.0086586347445982391
2.5531558289032148
3.3898656425457632
1.5281731836349091
1.5575572437886867
0.64987914035782723
10.482805870490985
4.9707967771992827
3.9878351066422533
4786.4083777892138
0.12136629577678468
2.5476433154951503
0.0086559345078144161
3.3054797100315874
1.5246017924144235
0.65971660847659241
10.327924058082809
4.9949373034103193
3.9762356402175794
4771.2498124461108
2.5216756430228293
0.12117742346720942
0.0086543450049921169
3.1740207751110816
1.5208229085637917
400.43140346981159
0.67047833706928051
20.116885231261726
761.39420082715697
3.974533138699782
6299.8446303747569
8891.8160220441732
3.0726931888116194
47502.752756456946
165.12605918005843
80.014235806045306
11.499707648497134
6327.6768587782772
23.942230068921163
12086.805629914055
78747.706283564476
1284.9183905791851
6871.07535712966
109909.26677581987
1286.2052178733015
6823.9622564067458
109888.84501813198
1287.2525553419114
6783.3523538797153
109866.67924389937
1288.0526270990222
7907.4267315383804
109848.06253117476
9042.2645946379234
109853.62304455136
