11.390545645217161
0.14221561148293724
2.2231123944873081
0.096150146126990299
0.0035185957257051247
2.5341556712109643
73.935152313195971
42.634096701171501
7.1817437071954986
0.066264752060936433
0.026791540210984906
0.028499530012980438
106594.42668227539
210.93937418908496
353.22765603561271
113.07116160921377
1.6048472775421179
9.9822244440796109
12865.661259644252
0.155832374640821
48.219337605884107
2163.0546491141704
72.098792295342079
0.020785121350117012
18619.803240348614
273.81582183728318
0.1925165514293781
6.8165187468734576
10430.067733648435
485.04053272554785
1412.2888023201094
134.83786291042003
3.4163594268686826
753.6533664913494
0.025576716056056607
145.05864260119012
66.114762765519131
1067.139664569723
142.74895861284233
89.695934131894958
13.857791041143978
3.2279216036091736
1.2966060146663883
54.391644555351085
273.84975883529666
37.422354465105684
209.64420954913163
231.90409497160979
934.48175400222
113.22671051813238
0.059026043580963861
32.669203088160792
11.171701724972143
236.85329054523814
19677.979561680961
112.61920251605122
3.3166165793298221
61525.755121507631
24.065303509717381
22.627751606730879
17.085132028253799
0.20063262415921537
0.075076078516495032
1.6086725124047105
57.52899791470913
12.877721081010126
239.62098079407997
120.43771605229708
10.504538205695729
0.086187756718563019
44.111445751025833
6.281898260641821
2824.1454588065922
42.858914309398173
6464.2923615596956
171.18222959361668
0.39039915261419078
2.6960389039356736
0.2506277002261349
10733.2496370136
7.8693212214572368
20.183657808346254
14.341792543712419
1624.7819871246225
60.545321549372908
11.194856996970245
86.128377666667447
105.37444820856331
31.14229295547289
0.29687286236501836
9134.0946998359523
5.4562434671930706
995.29499099195448
27.583131765829958
322.89808168804893
222.97506812739914
0.030576561063118454
109.21767319869946
48.801575313084655
560.37678435436453
944.49771803700082
149.15826382324477
1559.2678567109529
0.0022522065765560105
0.13635629739495003
0.13434566782073965
24.630657988660765
1.0899567837844091
115.5582128899548
9.3619914448610775
2935.5961957521076
2.3509746508301603
455.60182256058522
22847.606440205629
81.555006768909806
79.197577060014581
0.8836882464190714
3.0557491437631827
1.1354400510230249
0.040092581047173372
611.04242675853539
104.17157760731399
88.780425709175503
64.704799391397643
0.43081435357347236
105.68092029394775
0.15918872064964634
121667.13059162183
83.986590794741289
426.80206857105901
848.1060587821172
3.1917190194003968
4.3755345506750061
3041.2311807755959
587.91335456747083
2104.9699658094701
0.88488250567881444
5.8341356891672618
8002.1097169916666
6.6771593771397626
186285.15603643993
115.70225322724481
842.55578017290384
1.0553746410393678
589.41196372598245
2123.970979078998
25.776023520615052
22.257979257923978
0.96705082528437147
14889.40842417676
320.17721877117407
22971.876723608544
419.88031375048809
2284.3569524134305
3.8048820492446751
7.4568951604730236
4.8973684590347126
10.786146214253591
436.92200133719626
12.418324724274921
0.80029217754975546
340.3839060407343
229.02449782842635
1049.6871388049112
4331.3493544123558
104.97213422630205
11.055708894306409
27.005151846142091
1.0918425512855863
5.6209464533528664
8.6628868371352983
0.19680201301318942
0.034433049742179055
1.1449865081191857
20.239164452152433
29.985818503368819
102.44236411538893
4720.5809183563861
27.442349050232341
86.249442099367784
3.3271933041304567
14.149206711269644
79.890965531302513
80.050786913377394
2233.9245868388452
11.306138385568644
0.0056131304077523926
9631.9523844937776
208.60640568489959
851.96135345008429
1.3621575542115421
222.79787310081071
0.026750515575202537
5.5419379369281741
12.564152962095205
6.01885403839246
304.42769159614107
7.1667598782758351
6.9876846106218764
1960.1302609908389
45045.914618737981
4267.4231942286615
72.276650272415267
11.628901587387148
6.9220275613251516
26.5798764174734
0.6487478232310574
2.5351416734588614
0.00080522471776590195
42.637063365903494
7.1852591557033314
1.1180652496704882
2.2279698708966893
214.22372232245084
361.6226996507645
143.48402585801088
1.4785551219551887
25.756696756103438
17.320448270016911
0.02450352323268086
54193.893933700601
0.15795557821565209
6.9814015025805816
1914.0594844739044
72.835924922296883
47.099156334875829
376.77025895742929
0.19250999572087024
7.0526956151691698
9696.1614468515181
459.57372225359853
191.87900577629014
119.09871489382556
0.025579159412978909
49.359659148426623
71.707985829404763
1597.8756272876597
1205.2905951773371
37126.553664473511
88.907674350800036
13.046002955404827
130665.9645591609
1.3676144658800864
673.61069074732507
274.34004987696841
37.542657245996566
195.10998576451149
283.33605825784747
915.72877689315828
0.075897345433110622
39.989705184927402
11.171992529484555
148.16850676105889
17754.035709039006
0.59375827078164079
137.98613385656697
3570.9936708643595
34.116720704270712
24.465154958954006
17.498313881696799
0.19532814712824065
0.075094440403306623
1.608179572483168
57.780618919444308
11.943765321788822
339.66162840457901
54.786944707529642
6.4301296661291723
12106.809722185328
6528.8540411653285
390.86821963754591
123.70427617774256
0.058790649138535045
42.020291972041882
60246.726611060331
0.24039908572630417
2.5776118838089701
31.048832551528736
1.6520236837852766
5697.1734972110335
4.0065359293106848
27.979557288926308
1.6176478492586623
60.876220785352579
1.043734083587446
792.51551296000969
186.94504466635047
0.29675407322315722
7420.0781827986448
129.53024727077641
244.29893807634358
0.048397689660757012
37.301077911042661
76.775735888442767
10.065911860710445
562.82456641017211
944.6702761686787
67.811480655776904
1612.7872301650268
0.13671978371864843
519.98591288767352
16.478207249210989
1.0899581118392858
115.56244322279136
0.0040435808700689533
3189.9458373470307
11.381882843657465
0.79971535336823429
26.766925056163085
581.82353925516134
27155.448567250525
1302.0266907661132
79.101304801361891
0.95956113268270638
0.66199072863943287
0.040081640718430942
91.618094759141982
60.525687568919032
492.62149603447892
133.45087614467198
0.39448678532308251
105.36526993351001
537.75933773699603
140410.88060495685
891.66220888968644
361.47155134946104
193.07992215440063
2.242086247618567
4.3779753529542882
100288.6528290931
123.60347970000073
0.10524224032208866
18.777303188919955
2.5654745627631033
1154.5839873361865
135.45532685423399
103756.91341803315
3.2847201389354628
1052.7726601254096
1.3905323454668883
4316.4409545408716
34.797160051106594
20.187858716131839
0.9776984930113225
10123.757040338725
71.865316534778188
53952.376013340487
16.372320806419975
229.13111480868761
2338.6476796129173
2.1544300094616542
3.1146062393164433
1668.672705807893
17.033786139746784
1552.5836097727438
11.180699167893556
4.8727380969804202
103.06468130602039
916.21353809207017
1143.0019438489815
7094.6973498190409
685.01433560949306
8.0723984606864043
1.4902928889594436
5.6624570431959533
9.4691917394172176
0.24206028736899593
0.23906947364471734
0.029651012828329926
5.4811613763094593
0.9448542921681905
35.901368090797455
6.8843780191467383
999.77410094398124
3443.4572037352582
67.35687501908798
68.612902473383755
5.1893076181755609
13.23919258341844
3.4836921687522895
35988.361635289824
0.68215453285607242
318.68962293379752
13.93208413604369
186.20101222219725
1893.8210950513007
45.256705520194451
16.256354946228662
4.8875336340339421
25.063266488419774
304.42769159613744
153.62498457849219
7.1667598782758306
6.9876846106218764
1960.1302609909858
45045.914618716124
11.595782007394932
0.0056015417107832333
4267.423194228626
9500.323891944452
386.09106906776691
1.3621063261391442
72.276650272415381
222.80667618309332
0.030348257096243891
12.610311810508628
11.623816403708446
6.6835736757673363
26.587857374299961
0.0035185667250165775
2.5341556712109647
73.938429904885666
42.635733958541053
1.117944341195386
106890.61111585532
211.02630507759992
361.62473189060188
1.6053627090931304
25.605380452045079
17.349116975563064
5.3062537472800901
1.6436795133130628
0.025744154084210102
161.79389528991476
28616.368293463933
0.15805512643460165
48.124644111816131
2283.3336672472065
367.8924016453675
47.027263624721734
0.4719049721714394
0.19251026230301652
4.6279940754880811e-05
11725.327518797794
191.83642653964716
733.3597104174271
0.025622997263887025
49.901693831045662
2386.9585295932848
142.92328616840081
65.547127571155187
6.2864971650940316
165713.37001630996
1.3589493521050624
55.843759481694249
272.25005650365375
37.864449661539915
0.29466153217387264
128.44128683541777
0.059642380295030342
44.452462548774655
181.94855268776863
23253.683274094074
0.16150476820469259
356.0621972948847
173.87385214466116
138.40866944860076
26.434226111409114
34.181218910334508
22.789407540660495
14.494126571332796
0.41321337765345878
0.106256664772419
1.5943832332539742
57.613088090236481
11.839039310752483
337.73936642483267
117.21591747215949
44.116326262448546
6.189534021662058
10742.737805021663
6544.5761735445076
390.70176270501918
57622.794662116823
0.37929236034746522
2.4775833790347117
13190.162570360224
13069.848995453985
7.8778106083238946
32.434192716388
28.930975574885846
61.767177928400123
0.29683153466804058
5969.3204253751155
27.871207470167644
1.6260822809624376
89.484103475041707
375.45641159730167
0.75236260422090118
13.228500370635942
472.55092067478927
832.36926070795437
134.16446563294034
0.057723470896824038
111.50032638690429
103.17321984953624
2.5207941429011651
937.94340133889114
149.2776499562107
2061.9014991295439
0.20524570748774909
24.815453087395159
1.0896555614954713
115.55877182589036
736.26070776807137
483.81515779672594
24500.570538115455
556.83000107798512
77.638126937691098
0.88404428459847784
0.95680028561388242
0.0057590522907981232
122.54080612641539
0.040678929700044914
0.021370210044893562
1.5271419760677596
103.29035927976301
62.34456606893918
121.44975654500378
62.446151206585881
2.4839845624855679
408.8313796610388
0.15917500533330317
127692.11764065095
85.429172459014581
207.21187437006682
773.51082021001048
2.1822842631916033
4.374225688569382
15258.718747935054
120.36375777959114
5937.2592392816914
2.4425688206092469
70.737365693670739
160522.28716338205
35.493244044022
887.11851593961239
1.0554133178500733
0.10705195128186117
381.95286029480405
3391.9388256265374
4.7751766672717384
22.814805544047662
0.97786438364058892
15450.567006763855
304.96721384451621
18.499951940163971
49658.642972868263
1641.9403592815745
5.0704618144399767
290.45487316545524
2.2862667336254114
579.16178817465152
10.432327605368458
1.4467881130931526
1567.203664670946
1187.0400339176558
2.5551760857605905
9373.8643325757075
320.61330869672383
3.115713787791492
6.4653251373573504
1.5948180487192469
4.2790922132752751
9.4815044661780892
1619.642457385758
27.497329576534913
0.24134950336975225
1553.1585656528143
12.244785256468184
4.8788512513303868
0.027314320167702976
101.51097422724985
6.8968674979540694
8.6491448723875148
999.67222933648156
3443.1789074825929
29.636914764483784
68.614032304741045
5.3980796255405927
13.186190318065611
3.483692168752289
35988.361635348731
1419.0112800909692
13.919465847736246
186.08688806244354
0.075710859962755672
67.614997852225386
1877.9991818307663
45.443395589408269
853.14526363175617
16.256354946228701
4.8871594899233122
13.20490684218615
304.42769159613664
153.6249845784908
7.1667598782758271
6.9876846106218773
1960.1302609910579
45045.914618662384
11.595782007394932
0.0056015417107832333
4267.4231942291463
9500.3238919484575
1.3621063261391442
72.276650272415367
222.80667618309516
0.030348257096243905
12.610311810508565
11.623816403708819
6.6835736757672803
26.587857374299919
0.0035185667250165762
2.5341556713492843
73.93842990488703
42.635733958541024
7.1851569584272959
1.117944341195346
2.2272997479452661
211.02630507759938
361.62473189059455
111.51839821324589
1.6054372812648814
25.605380452043551
17.3724119697772
0.024507126155255733
54161.168215491096
29987.890793545445
0.15805708598874507
6.9926037917110051
1915.1163775537386
72.835924603445406
47.676652584839125
0.60031587583752277
0.19250999980482034
4.602999664203255e-05
11857.534529411054
459.57372225360655
191.87900818395517
112.32645808353737
0.025579161710932503
49.359651018830888
71.732120866443395
1694.3622855417375
1204.8358397573163
88.863601689886636
5.8699174092372566
0.23532968967137116
132841.25231857106
764.60976847336065
673.78066963546485
52.98846482189068
190.83995176709195
0.12508597210554881
1094.4033952374596
196.8294265478597
40.636593209652496
11.172076745924974
147.6465400595749
12387.434296390675
25.10085756728019
2326.7817357739914
0.15241617110748768
45322.397445504692
13.017984549398692
15.728700749594044
14.939833015069608
0.1989642310046959
0.072345681032432274
1.5856576796841224
57.695637820857222
20.683265439424428
127.0445829038805
108.57382918868439
0.085701421684541035
1896.4209022969587
25.929899406274735
7023.8334249367672
164.42833669692129
111.08756458012438
3.9771270522254962
0.39109802135583877
3.2823709126281067
6918.9531154920051
12342.00940567024
3.9297038631486863
22.252602944687251
1370.3582103632268
59.015398571387436
10.336343019668542
190.31308946665263
34.855902167965944
0.29682645245093
10348.024359493915
1110.1688761957739
128.54218275703934
1.5834365534316246
189.97152090093803
0.029957124075003994
37.03874355199595
69.581135909996135
3.3159220708212556
944.08668083873101
67.127794240459735
1001.0728653127566
10.047572376130365
13.751745676135901
1.0933205429068582
115.53250635320768
206.73801913374382
1.9803990967626843
11.115777995912961
637.68296919087754
1155.0700698311646
2.3497138339949752
456.5346183768487
0.074279574500673323
79.291648042258032
0.95977032755934444
0.66498126306576211
25.169012108352753
0.13765248814926157
775.6624126331036
98.340291066845481
34432.772149927281
532.29820812235187
65.016501959071917
144157.92458661582
534.06349869811265
1162.8774566166919
909.58215960639279
0.13498394860058544
4.3426522778007906
90642.899424565694
47.870400766538182
0.0057244945414749084
0.89289753555768947
3.1679323814957825
5107.0280056609045
0.082715874631772809
119788.27720874305
114.87662208581152
0.84216643823934834
73.151775681924292
558.00168836855903
2972.0268553246306
1121.7742304685348
82.285157144219667
0.97803182255690291
9491.0012986940164
70.167067172566277
0.10554664835860993
60381.561343256217
13.221270929547149
63.733031557327664
295.79633688267433
284.09032870691351
30.273592774263634
12.686206102467244
763.0477782829397
280.4774940399551
1197.4310470566736
10292.638111313552
324.56685011438168
8.4713387417288821
6.4567275832145876
1.5946843020589179
5.7738689409583746
9.2785722957817498
1616.4145397531368
0.19609185463940457
0.12069494223970093
4.7340845896630919
0.031867702184441696
2339.8808314609196
4.0062714737395808
12.559752849773972
69.727817160510469
6.4065618317690163
13.562853541003216
805.04157584866243
4038.0726142562367
67.154868112516539
73.088189468181255
4.3494675301860832
0.22997808166220835
0.68137153878505519
318.20514967650877
13.969947911191852
0.075700604670241006
18.593244345107205
11.801616727798647
0.0057703602327513169
12594.712238404436
222.83999480544904
5.2460715541110918
13.382851641966436
304.42769159613505
153.7616454695046
2251.1508746719369
7.1667598782758226
6.9876846106218835
1960.1302609911825
45045.9146186527
11.595782007394973
4267.4231942299366
43.491037078445878
386.09106906776208
1.3621063261391424
72.276650272415495
0.030348257096244013
12.610311810508275
11.623816403709043
6.6835736757673194
2.2883605835042107
26.587857374299954
0.0035185667250165731
2.5341556715161246
73.938429904888437
7.185156958427295
1.1179443411952934
2.2272997479452084
0.028462764809995076
106890.61111370967
361.62473189058426
111.31866152936459
1.6053627090931257
25.605380452043509
143.74484937687353
1651.6918244731544
0.18408538699719784
44.116068113785637
4149.0310778887933
72.331190192509965
17.191302962101144
0.21878412448276791
30.044053720110199
0.00061986782800843945
314.30253340833133
1056.2977926054853
94.766040945623303
3721.0064351125016
50.124916081710872
4.5684138875581528
825.98897756740735
144.30654060468703
36295.97072027572
0.13903511596984683
120.02047756997779
88.3744791806633
5.8746478921661893
134698.40400956266
1990.5959207657297
54.292866200816611
16.939990105223743
201.50715052576516
0.12405905545997552
696.48208219325284
153.16161371236382
63.336686132254769
11.17179496259339
145.38422786134285
13166.496156357285
21092.507641634104
0.098522694022245963
14.042617151684967
1.1332806442102748
14.968607577064404
0.19438771365032115
144.58507915934814
0.072218536421655891
0.93872951434619056
57.623808872968546
269.46187873741599
111.84910983446231
5.5582234830871125
43.898477766834276
3036.784224024062
6427.5886518487
170.16961519825864
131.97816729819809
0.058165321822923853
27.35736931953506
0.053615242224034992
3.1181693494120872
13315.883468541484
5346.6237284742228
7.3847211461796229
65.539649356717803
18.363351378458244
58.099557257195322
0.10388881740606037
86.069407230892352
0.296776974565717
13738.573190786239
97585.045174138504
7.9606369429371551
903.46676393860014
27.600080532538584
200.30013721635888
0.055480335030101045
111.16408766104946
50.032705023379265
3.3167774138901165
943.88079929285709
145.89339515724223
996.7754619887794
4107.0518495785482
11.339723554506483
2.0364018824512624
19.280752909613774
1.0933218402013878
333.77664175044913
9844.9497521788617
58.383009999829788
26.435544301731785
397.80988590693164
21018.354476540702
0.074955192147860172
79.185935151507493
0.88421358599184774
0.96154522949297283
23.600996325054663
34.733808263928459
85.806734498266835
104.19646769015961
68.07305532698399
63.986586335400304
0.41405062427370781
105.29176034697132
0.15915081065922423
426.08010396540152
123607.60785825401
87.771277790603975
320.13910927336468
0.38307432933706953
4.32959627827187
14113.239713976975
49.822875854265156
0.00098996462936279048
52.768343025073804
0.041040761729395518
323.62237560278089
1.2511985605328557
121911.72378002181
3.2369821527618687
1177.2715530480391
1813.1350100068939
17.018033638355522
3149.2051702162144
9.392063448569477
0.97231062114937905
16408.318360161313
308.86377070295208
0.11073379223841529
58136.943322578503
41.834820771356839
227.07026754302567
3.0101642970952245
27.083902354048693
1577.5374205945168
11.973778442090413
1.4441303205466305
104.71169271646068
659.072852174025
1140.1474365382105
8519.420066615894
65.621429605744126
8.9551302976151099
82.362800229058735
1.5948188163573362
4.2757060012563173
9.4811437493133219
1552.5738732304214
0.21973124415269074
4.878851251330369
0.027314213664788683
2306.2099968478215
3.8231761810341975
6.8682655031185131
8.6453982525732442
0.380551288575596
3443.061877197114
29.636914764484249
68.614032304740874
0.4080412016023674
13.346651014456775
3.4642472832761402
31455.142226192274
1418.462885954425
18.807534892881488
185.93883989527603
0.075708818878436959
67.611546328512887
1918.6141200335262
45.413074827976594
853.13871282485184
15.790925132735387
4.8865354331642816
13.204906842186089
304.2924322736053
153.6180725664085
1.90206354765869
6.9876842603801679
1960.1302609915056
45045.914618559473
5.31574128892938
0.0056015411338628677
4267.6364407887586
9897.512091575345
1.3621063261391402
71.032041822231179
222.80682034512915
0.014207306628933032
12.610306543370243
11.390560397924355
4.4767050805830966
0.09615045908736948
0.0035185979659012783
2.5341556716829636
73.935966156867536
42.634502310475298
1.1184745743788327
210.909405604341
353.63310040551909
1.6051157286670299
9.9863452627075908
6.7767639146020375
5.3081346418068645
0.026842447550735754
0.024731878096558364
54060.681175346152
144.91065915275416
12519.400123418607
0.15813136544984377
6.9933162079223745
1942.2837474469518
368.48434801623552
18415.662943589156
0.36994806977465305
0.19250999980482039
4.6027408195712574e-05
12856.940635212794
191.82436564759067
0.025625993724417255
136.37645424685528
2343.2626554734384
1172.6247937597752
65.384901499157991
6.2666692637418615
14.149106886612216
731.04424882963804
674.6083986164756
6.5673930319058
37.817027706559351
0.11929215081340712
0.081048002859073445
40.416438575901132
336.90256315396891
14471.480562136137
0.13716629008286221
430.874066625777
203.24055049989261
138.15888446540239
3539.6691596039696
26.262761585060087
47440.373178484711
18.111382249628278
22.771664905687388
17.263803211870513
0.41373336885225071
0.074908185075244285
0.027576741940669454
57.876315283543143
241.97378954102828
339.01242156814686
220.24372064170947
6.5742683564580906
12075.30692127391
6562.1486780173791
390.8220646470524
0.29368803499375507
2.5048778106860641
0.26309744756168341
4.1815475187545728
4.0469825337820593
13.296120692977471
1.6174291662523597
86.474763036120478
486.46312741832423
182.24419672042762
5.746028448627218
10398.398813221713
95.662780800048608
180.2130281493516
351.16190941188734
0.90959843268610019
119.80476180923802
830.80124529355226
519.12948347041402
139.73291407990791
0.055292649484586731
37.307759004362517
424.10613133952916
937.97400286879633
67.811429172429854
2060.7636420871449
0.0022435244058211417
9.4257786968970692
0.14138300333088721
16.500374177350651
173.61813452909203
0.64031832436774938
115.41274184629872
533.97550904744787
3.0659211935169597
77.005037773469596
1064.240007222259
8.4712672385044883
1.2799564853727761
0.73589902085207681
123.06834424199117
16.275895261572334
0.068231626768093356
774.17373741577114
128.04611691084006
107.99884608275055
3.1677013858032788
484.31023418296184
107581.54484863451
721.30249510273075
350.5704028609141
60085.766694210841
2.5453678380976537
4.3841961567514369
3836.0370579172036
635.06664855927897
2226.6047216860757
5402.069164391577
0.062454366253101488
73.554967990758343
3.9588016847951146
110445.15540462481
27.090206676397401
18.171600080346014
483.81074089348084
553.48261589048423
1.2941993792872264
72.620001934766293
1970.7926433024227
103.25188459654031
76.667963379830852
0.96698021079639451
9569.0143536165106
71.053201924621575
140.09464763738825
0.042513554639393575
1642.5662481409452
13.255383185264556
593.26648986021814
2.2902501837874141
279.14177842795226
27.173503536248759
4.2892455465154642
962.13009610625488
1092.7560888492276
3880.253436856156
81.965507916195193
1.1332273743582857
11.160731327687662
15.247092492209694
1.1417881160690502
8.6969759505294881
8.8192570468485325
13.0638715135276
6.7949070829920855
1606.1778767500193
13.181806743310551
0.12041147209832166
0.026908250260588591
101.37822331033708
2313.6187866701744
3.9866073146371823
46.244037016765851
8.6857733922528819
1003.9157834713973
2515.1287187674425
63.382267884715319
78.68625463173538
12.862776577047251
3.5010040280191341
34040.217504746455
0.59101957465013422
12.739647584063526
190.27284093208124
0.075813980997668298
19.624093786561602
78.361694616355365
2241.9880643681076
9.0480731912396006
45.536579528797532
1.3592132098511696
4.3197732780202029
6.0206428128437377
304.4276915961326
153.76164546949772
7.166759878275812
6.9876846106218906
1960.1302609915808
45045.914618473973
0.0056015417107832264
4267.4231942391325
9500.3238919676896
386.09106906775662
72.276650272415253
222.80667618310025
0.030348257096243964
12.610311810506923
11.623816403710011
6.721672821203966
26.58785737429994
0.0035185667250165749
2.5341556718498044
73.938429904891876
42.63573395854084
7.1851569584272559
1.1179443411952061
2.2272997479452181
106890.61111165097
211.02630507759798
361.62473189056647
154.46261006992313
1.6053627090931142
25.605380452040613
17.373621031557367
0.026634324439149589
0.15805708447714931
48.049256806835494
2248.1749494823898
72.835470769653156
47.70129135783872
0.60031592222679442
0.19251026230301666
4.6276373938362034e-05
11857.55038946935
459.67011503829917
191.87900818395633
112.3264580816081
756.06687739587198
0.025576176055026129
50.034074268644702
71.732112965675128
1729.2619803424759
142.931716854874
37368.066826417089
88.284379073146084
5.8702419804365418
133213.05921193282
764.38141473831308
55.838177014746719
17.012052765998412
37.537536504088777
190.83952074749897
0.12495195060212344
1028.6349644919415
131.76027514125966
0.060346832207217684
45.593860107645114
11.171797135087862
147.14808581261781
13305.488646321242
0.17423373268965847
138.59275437828816
18.110228469067319
21.569708303401196
17.489994834700692
0.19546252666516525
0.075081695784615515
0.027576671586853948
57.708600855355584
242.21341666796829
339.18247506239158
126.12515768730738
111.91989862776653
0.085888115347143967
44.130793549984958
6.4843364146849671
14003.317701196867
41.016722843930282
6509.6222510842963
390.74333848377842
80384.769635084856
0.29699539738099939
0.23899608584656321
4.2399906908937686
7.9006163279221529
13.284663003615236
1.6158610402865945
1026.6217104127645
86.500165181835243
9.8806378036913518
86.157027763227589
61.790909649123563
31.142644696636953
2.7432064869966006
79.615344540288177
0.72492423753631008
13.231946517540575
3.02126654090022
257.69618099476276
7464.5388457782101
0.052214956103146103
114.9111090585052
283.45322211168877
12188.694526398187
148.86681693056431
32.756084107881783
10.076690094325645
23.630964814973407
0.018933603454878219
11.564225141658753
1161.577008911846
0.46024143170208726
2.2898884675932445
467.90338833389404
33.923039758506022
530.48398246463853
1459.5518821506751
5.3701456374403724
0.96244615672803413
15.370139102888919
96.147622954643168
0.18675368829746158
115.29671431784124
307.59494191173235
4.0904569440483227
525.78201511985708
0.54495933591946588
93669.350750715239
85.425673053678111
864.52061282589307
37267.753523981672
3.7308213742279697
4.3698709221645222
16280.318815550067
118.43335969700438
1.2048138848032712
0.91325274294699255
0.22750143883653728
7794.7298632247275
848.11121531841445
167726.45855542473
114.89926476685989
21.252129635104843
61.795952345730989
5940.8473642769632
1694.4126682402857
2.3256859485038746
69.842462245774243
0.97732166887356431
14847.46426866269
329.08254648029538
0.042816043254983872
5.0655496106244415
292.66564390557039
271.77746835337649
37.654711885599667
1670.2331288824967
10.228177665128131
406.70441008668257
1.4431265669187785
4.7609976945238515
284.65079638625377
524.50821886204199
1186.9977410657245
9232.6854934833627
317.22422210086336
1.1176462969055745
6.5678427171398495
1.5948140343488315
4.2352753726091965
9.2899988732259651
1.0088328422090047
0.031868617822472856
2340.0142514424624
3.8237619011596311
11.597324568510423
69.869773486917467
6.4174117228553316
17.602335764478081
804.60811700449915
3568.4770202226587
29.598459176790481
72.293009393754957
4.6347708899642486
20678.03404363634
1410.238810880802
13.957824483946869
0.07569245501058415
61.652631627882663
0.0057595317638780251
12444.313484343784
851.90734654515654
222.59421627328851
9.8470296793708254
4.914874925258597
13.192352446182795
304.44028912434123
148.00440188584039
1331.2572479111984
7.1665732553235513
6.9876846365314993
1960.1302609918309
45042.513174554806
11.595813808366209
0.069004507325448578
43.491037078453125
1.3621063261391377
72.275246306602355
0.030349486689066212
12.610286356039847
11.623801000342777
0.14415900093453582
2.2943666372483671
26.58794770127956
0.0035185644848706654
2.5341556712109647
73.937616033923703
42.635328315826548
7.178756119171803
0.066264752060936419
2.2243579704286995
0.028461669277670389
211.05631491780298
361.22361241515051
110.58974872993909
1.6051687182943082
25.573836226382106
54118.931264656356
29902.730936740951
0.15657012328730816
6.9941609773027222
1850.0111339060125
72.077251986654261
0.02145777293240347
17.237400678377622
0.21760391082917274
0.19251629299493511
4.6013037689882128e-05
11847.001984959619
451.17532168882462
1361.5077614929517
109.7867735083958
3.4159058084712428
0.02557970418419549
49.791902901310479
65.986945072398342
1080.972646503054
1231.2352807006923
91.265212273769507
13.949746426460365
127031.67556365299
753.61606573084532
539.20330602484955
45.751416482816808
37.465185489578836
209.8695302777912
296.92362510676821
1013.0486795670764
0.079955943317225123
30.511318897139319
11.172019161368596
148.49589772453894
13004.086499958965
104.08645017983987
3.3182221731234893
3530.3384561132752
13.876088255745241
22.583681533330591
14.306018174790109
0.07225696211035762
0.02758271698110289
57.791819952108291
243.21130082538252
240.28213944716205
10.497166172632362
6.6113383868944986
2905.389385018756
60379.678223624418
0.15133940469332835
129.91173082768512
0.086453941147533728
26.598906537767931
19219.696655588021
171.73906654946293
0.19610924673907881
7611.5956415828587
1.5015327162726824
3.9686890658373155
18.328250849917794
34.612263819772814
1524.7400315190646
3.4829916839236175
15.184831751147476
869.49671786671274
144.57588662980274
398.76786588664851
293.46571470416916
0.055686902531564768
38.016771791438657
3.1425875974470827
3.6593285781863365
14276.240211364975
67.743041920576047
19.723691766253118
0.057546433753110811
15.931020793750662
0.29668779495138836
22315.876492036652
2800.404295832072
11.322032938173619
30.103265920181457
80.034603118563368
565.54206866882203
40.356637153662312
555.56506090539119
276.09718901298658
8.5023266130160309
1841.1029979147902
0.0022547335811900862
0.040722687220442103
0.14612760452378876
88.943887325902736
1.09065747731859
115.34747344157617
0.56549395608304132
58.117405231322039
458.41711188126919
104541.75214051361
891.75646096546575
691.37438420878993
25119.226234428599
2.6970602354706026
79.207996125756111
154807.79505440552
1.2709670993420159
18.965639308526733
2.5717380111593844
6611.7976476994327
89197.515012844699
3.3488383434195916
88.82975665588053
512.78651738116025
0.62923161842353692
97.475931282790128
2816.6467482082312
1943.6009339145437
20.049067937252794
0.97794655441945133
10128.709583012664
70.345827799758368
73913.594069372455
16.376521908133334
229.70347686453769
261.99464369432485
30.411922490227873
655.96973553774217
3.1104100079576873
17.021998778555808
1593.0727743011232
11.848472522726109
104.71169271646123
1139.9484239993985
8022.1144555034762
320.48291252381773
9.2276272659388745
6.4638747101195362
1.59468866977138
5.7755033412176129
9.4697054742805111
1618.6879629757764
0.24134950336975261
0.12070805751929138
4.8427360790910869
0.027313508266054592
2369.4603211798444
4.0062714737396448
6.8843780191467356
8.6505983603839827
999.77410094400614
3443.4572037342537
67.356875019088349
68.612902473384793
5.1893076181755555
13.239192583418461
3.4836921687522997
35988.361635338421
0.68215453285607297
318.68962293380145
13.932084136043661
186.20101222219674
0.075710421964311284
19.2428509943827
1893.821095050906
45.256705520194409
16.256354946228399
4.8875336340339466
25.063266487980929
304.42769159614301
153.7616454695069
7.1667598782758306
6.9876846106218782
1960.1302609909203
45045.914618717943
11.595782007394899
0.0056015417107832324
4267.4231942287361
9500.3238919505875
386.09106906776697
1.3621063261391442
72.276650272415267
222.80667618309229
0.030348257096243874
12.61031181050871
11.623816403708522
6.7216728212038888
26.587857374299865
0.0035185667250165757
2.534155671366761
73.938429904885382
42.63573395854106
1.1179443411953289
106890.61111499256
211.02630507760415
361.62473189061541
1.6053627090931157
25.605380452043001
17.349116975563266
5.3062537472801044
1.6436795133130295
0.02574415408420843
147.42129905397113
28616.368293430132
0.1580551264346011
48.124644111815506
2283.3336672505466
367.89240164536466
47.027263624720682
0.47190497217144645
0.19251026230301652
4.6279940754880763e-05
11725.32751879344
191.83642653964932
733.35971041744892
0.025622997263887039
49.901693831046082
2386.9585295919574
142.92328616838739
65.580661117853666
168632.03722909963
764.63116408110489
55.852277008453946
5.1616378167843919
275.41431254524366
133.41434660791057
45.289535730190451
23.956714133641984
0.70850937845426831
91.955240039354308
596.10440246970245
215.98821983051738
196.4099381192955
0.099586680912590708
24.450544399994691
42755.945761878771
398.59414240941254
22.767211062156513
21854.242259978782
14.518555905351096
17.32724158320422
0.10642392311232128
1.3319056723551452
8.7510917519834042
273.95091287978784
56.338051654889526
43.940571737360891
5402.3175070341631
0.37422580553511797
0.43400607221357823
30.239069359473479
4877.2801183833963
1.5701780474939466
7.3431711322058382
12.956520033220079
35.49501759315784
0.93340446222081441
62.203992069253047
21172.713253166945
169.31315752135026
1844.9758322665318
27.25631829402499
533.16291730856665
25.776092211322141
3.0773650598630948
845.70317687604438
56.744727345404776
152.96834242877125
0.085615541847093274
117.13658270388048
3.874689848143781
0.48676678135512635
3.9228455948258421
15005.753172558887
145.62604532215434
79.705413193001064
0.056772803187715215
1390.0918150992891
18.683790918118806
0.29668132312646756
12323.402620403791
391.00819397990392
68.467448970847158
0.37832716339703015
276.04741085555935
5.3748334909195012
1904.8593149330577
24.258463447003017
122.05472927482182
0.041126233303780548
0.065133542419648527
746.07971508192452
112.70507784481302
45.266450386157764
1.0917121643994077
115.3471434292799
0.44615304951310869
40.883794287932496
0.56569930533304436
615.86412067613344
95506.952232557713
87.776214311226056
295.16718628756064
24835.712295118934
0.11408645422136729
4.3343909925015689
14961.497641040109
48.876093542390265
0.0057244016392192249
4620.041267981449
2.0115841736116145
104.14270352168768
2.8737996697418873
133751.31742496981
26.71790257917192
18.755005465933259
63.915611393112464
3484.2116482525917
219.4862917999759
82.813419051279951
0.97856880826540438
15967.667375726385
304.66922799057636
0.10445712991544777
17.650696835834008
49128.424118198302
2705.7081195087553
41.804392026577808
225.23352039583745
2.2802292804230286
253.14485079961423
47.760900003305132
11.59487380547464
11.991250919031371
1.4478589538506064
1137.8679789587666
9583.8665815317472
322.18111167673163
9.6466706917808747
6.4582047983998185
1.5948141827406794
4.2790916562559689
9.4815023974456913
1619.6413979243473
27.498053583867797
0.19616686707789172
1553.1856896029824
4.8788512422413985
0.027314331824329109
101.51079075018649
2340.6249320196544
3.8237619011598443
6.8968674979540809
8.6491448723875077
999.67222933651897
3443.1789074823446
29.636914764486164
68.61403230474248
5.398079625540583
13.186190318065627
3.4836921687522997
35988.361632856177
1419.0112800910035
13.919465847736328
186.08688806244226
0.075710859962755395
67.614997852240506
60.521367117982202
1877.9991818305475
45.443395589413385
853.14526363171899
4.8871594899233068
13.20490684218611
304.42769159614301
153.76164546950031
7.1667598782758324
6.9876846106218835
1960.1302609909023
45045.914618620707
11.595782007394934
0.0056015417107832316
4267.4231942267861
9500.323891958833
1.3621063261391415
72.276650272415182
222.80667618309397
0.030348257096243919
12.610311810508321
14.422591155953807
26.587862489952844
0.0035185684369584075
2.5341556715336013
73.939240107296598
7.1856241662668579
1.1179285646196957
2.484465556455167
361.62497721787418
146.77619325796493
4.9838326238845889
2.1079624840314901
139.04923980311364
0.028102497473836
53127.938048902826
1643.9453839992325
1.5449418781742554
21.437377344250947
6.9572466917254916
3203.9777139696475
49.474469394824901
0.58585665921313745
29.577402987270379
0.00054407560116511973
556.67350473784336
112.91221029701705
185.14304637531663
43.750092269290825
4.4346405802942401
0.17652543778114219
75.120092351070227
51.601499688719329
160310.51287104021
401.61322335767568
473.74293191296226
52.484554894355497
122.79985056264287
0.15190957427305449
169.10639012555527
15.01558419853837
2756.3112565632391
1095.3551776836171
149.50524453515155
0.092564324931602368
22452.974726155564
101.46246931390614
759.32195564921051
0.25252605778789361
1.1373820884389077
17.473007013830454
5.4244888202317139
0.083099987438186529
1.0030513361662028
8.7549749528776282
274.57279060919865
135.21472114906504
374.28091358544197
0.087418362158257698
18395.453146056196
28.406217168727626
333.05160824617803
19082.335473729505
0.48943861650821907
0.091305005878012518
8230.5387456304761
1.5717571259099001
3.8962278539672814
19.595448934311833
10.282835401488782
1063.870696253204
37.410895584895648
61.623169278940473
0.12617131855116176
93.234137058799348
34.253099682955529
30236.421735804717
164.58926453025845
9.9828282784078919
36.485480556178978
27.481665993303654
1.1078341708748236
103.0667368661165
0.05076779889474782
37.72634319433034
20.041123667795503
3.0811492528712918
16607.438727087847
66.834166989442792
53.654291577470431
355.58954553243717
0.061647831302175944
1.280470192465103
13.3360552290812
0.31289026044284035
8483.4793820784307
11.118246338990762
1038.1342107425712
2.27351760565351
447.52926775883321
39.263691633425204
6.2403538394414166
944.57260236014793
8.5170821438035329
1875.5839291554851
25.705187295111273
0.041138668075239575
762.70006593479775
94.190474528622161
1.0916080120407707
227.97037448866163
115.3517658940571
3.2501132288259447
872.63647611859449
491.01793695187956
1161.7963490743216
958.53483246779001
27503.03514164843
0.39666723229558409
78.846476762655286
90802.015288293012
0.64351042050299134
0.0057273664345715682
0.69649690897511252
3.168369363491613
13140.189831131862
0.082690106406054675
109366.87570342289
115.38640319638428
135.46819856446862
153510.09541550485
540.17132915842353
2986.4200269299304
1763.0651967557308
4.6532950210336646
635.42952848289281
4.3493878046033414
9514.2275577283763
94.189487110485317
0.11155813018995396
58547.986464107504
4.99692962517803
13.221221136471339
68.29344866347742
297.01522435989108
443.68967646561549
1292.7615873192171
22.90804523505961
7475.3565299461125
15.648759175145733
2070.5714286171997
280.45872011747321
65.791585594170897
8.5788573194271418
20.424503655205541
80.876802603252727
2.1054177018597167
5.5120443277761204
9.1721838843023935
1542.8120963324918
0.27426143763491373
0.70739668350936436
0.12069360890281433
4.725801021842682
0.031865387144384673
2308.6507327494383
3.8940722534530967
6.390089080833218
13.504243539132942
0.38172142639895901
3443.4126402087304
67.3568750190977
74.671601606537038
0.41461255337466146
3.7915933628701106
0.68136867383793154
318.6614606402315
18.831604823245471
0.075708411812672266
19.243651260906773
7.4670280733418837
39.872585134215761
1968.0026585851313
0.0056126408847269309
13699.596336669589
45.20869341118101
222.86699589783726
304.29247531168062
1321.2093076964852
1.9020716291455855
6.9876843128712656
1960.1302609911365
45045.974377701015
5.3157418568912558
4889.5185609801565
386.09105739616217
1.3621063261391411
71.032212263238378
0.014207469137292851
12.612388213608391
14.236308304577543
4.5137269412400745
0.10642075082929656
0.0035185997498590545
2.5341556717004408
73.936777956753844
42.634530632058258
7.1886224971981463
1.1185038934245211
0.027061465197540519
108460.03241433062
211.02790000590969
353.63366131145784
132.14730054223452
1.6060716564936146
10.010820054313179
7.5367749849700987
0.027025834250078967
2254.4263255105025
25990.815983823544
0.44944081477941172
0.1925102623030166
4.627019705509818e-05
13020.825130270416
494.53986869796711
192.50436222831598
129.7424161148079
756.32142217788146
0.025576176055026139
141.88580173030877
113.08657213085304
34.942305424172886
62.660107634822175
1486.2427753395427
928.433791112476
74.074620001029217
20.907376038090632
299.18121132271949
54.575804437177538
17.010515811474832
43.028183850391422
118.97237940833207
0.15323957469516231
180.8173951632707
133.98617838481343
0.061711407115639244
14.219614422663087
3018.7525361297894
0.14472882163097703
0.12258114243579404
113.61193803588608
20.450295543908265
5.4244992558601455
19.085747493376854
0.027635385930873765
8.7511049893877804
246.72825306180752
345.57782610069984
374.21276473821104
6.4866310286926918
15126.939301988652
43.28634171933323
21407.099022944833
131.92401111861773
0.086075678514122844
48.036577591424376
47.446168555105238
0.29205361716453104
0.10183226539654888
0.84078600770295486
1.5268136096713807
3.6054688551835574
16.167864125893146
14.905279833434021
202.10419507793483
700.86531012170201
267.44182558258228
85259.152245241581
172.43751309061722
32.813541829268516
16.834556610831552
0.95820309952689664
1.7808525258058923
0.45326210475888762
9.2881500823441172
10676.250978326792
148.05215044125802
17.121417935275648
0.036792066531481468
11.151364134691985
0.043681297984734802
17.977213488983356
0.31312420319399298
10826.206641915118
1649.6292211330158
222.00037179877754
22.589258551684953
28.600840997443452
476.82422800703654
32.538827109652551
76.92713302111153
2141.3750600331418
8.7035904291744828
1694.7816863581816
0.65660240652040236
0.59563187049597099
67.912864649271768
93.164574538666031
1.0888107817512516
115.28150263145265
23.079145679542837
23.365074014676065
57.948179581990203
804.11018394870212
10119.100043087967
2.7073958680781858
79.08479677572042
3699.3906193314697
2.2564845554566899
996.55769449531772
21.861019462278819
3.5623917920551556
4441.9677315465415
17.748974391192121
34037.640887841924
3.2598508957900299
89.531921881178548
18.088631025098302
0.090102827060263666
2.5546881914346464
1377.5305410431229
177.22682243855124
10.476062671943653
2.5532675979199113
10490.640801860804
305.29787825775338
28690.627418681281
623.13907588402526
4.4543977932514025
5.213296476992201
11.747745561562434
5.3406801404315845
14.875138724976207
5319.1028114328929
0.70960011022311409
552.559720556495
111.13980487784157
72.464236954002359
5.6840512294987553
9.4090782194898779
0.95497606424110049
5.537137099158568
195.92531573913814
0.1469678485620442
0.026865543622433732
2337.2544403590027
3.7072884475705124
1.1703962530898555
46.243834054684022
8.6939649377602546
1005.5075636421175
2516.1680823241895
63.382267884739832
79.29874175266734
12.606268863528003
2.7094253529516421
34115.66386091317
12.740026137765593
190.27320880402735
0.075813972213697178
19.621897575636854
5.8283769877511364
10.856319287556598
5.7978399757536527
9.0506163327401374
45.536579528801632
1.3592132098511676
304.42625965655486
1211.3201598287585
7.1667727146970961
6.9878322724135105
1960.130260991426
45045.312437653076
0.0055654853092740233
3216.0552134820946
9526.7047366341558
386.09100888506271
72.263451909886427
222.80554744894954
0.029686888958820955
12.610093637206623
14.596661456668562
6.8083317539187958
26.588132780004006
0.0035186204577649974
2.538176243207408
73.949261845315988
42.635880205042128
1.1179736918054186
46.126867906943438
211.15273400814306
361.13673005157455
1.6063507420716767
25.888325917589306
25.252726589816074
5.3064763917269593
155.20164393433129
27.26064890864755
904.66510380877082
367.64816742600425
35.775071236446173
0.47344765478934864
0.19251074647498562
4.2383509890979229e-05
11725.322597776072
192.47361755136294
0.025607132907033776
36.12817988190249
2195.3373787256942
3160.7932800976014
5.2854716986490908
0.50870477986508123
148.81511264698992
7.2091117906253945
39281.481584228
743.28784831288817
576.59453181261472
6.5774882797356771
37.325923977762294
1634.5442573939811
0.12286042732525174
0.047266007182432013
45.578994396405243
119.45060129827777
8105.0648621417295
0.16327728420146132
37.249791376185101
16.541701688652012
0.41365538763781984
13.708575082956086
0.027559261832153639
57.504605341366265
240.59908566424016
334.32789347868851
291.69261353268377
117.54381414145925
3.7624711914802091
8007.351586716075
6395.831786510571
171.11628106848147
7.9558850849252707
32.653959724343245
141.31018465699529
0.81257327110380695
0.44451897306286298
0.16887251870284481
4.2606122294577711
7.9469466777106579
12.231849775505989
14.855597419273058
83.271081105632078
478.09709908698505
75.220963384422234
54.548353367424696
11992.609781232915
0.0928081133028755
2.8414916999623263
170.2927362372518
1689.3644509065473
136.20022822807647
260.00941444727403
9.3966781215032214
18824.737306956446
41.8472193687345
29.25213333862424
9.4309276912850173
523.43138352294557
9.8425855767615147
1.0871494439513112
115.45689299355777
22.6079544785078
0.0040255159972887814
0.093756595526376219
480.22974837869202
6148.186665676687
1968.8800182814771
129.40661233518927
0.88402466916975708
1711.5185608990621
11.311127147759683
13.234587440023946
103.57652413401915
3.1665119840129878
174.78799563285506
57.619167850452364
0.18846266435698325
128.09877709163811
366.14397820920868
872.00997289447344
4.261393828310573
74.50496137138758
13981.532494998244
2.4829973966407488
0.69018112343993876
0.039501788255299118
606.40314573997262
145494.96609298873
4.4357619474236332
1.0545455870291227
0.046549823362397103
0.019890628632026033
3.810777062041061
0.10587662905027451
58.242572613119421
5722.5980409000204
13.65615509506309
22.928927488042891
2.5655039584976587
13110.849500265884
161.54866828264053
54071.036665908403
288.81001173415871
313.66330650756595
3.6230780352089838
13.174031842432186
11.105512202939684
368.15419853244384
43.855422271819649
6.2103233034753824
0.96427363651258435
4.0780456419560078
198.38933322419771
1671.8483847447669
0.14375016804442203
0.035024148370650036
0.075375743848266258
19.464760884365244
0.70508164457929479
0.17611286546327934
6.8007270545671226
102.38256536927415
1.5091124048774449
60.348018312623495
9.9441232545665539
4.0406212391432188
2.5852070807599001
289.49557672214269
15.708034517466839
4.5285581149636611
1.2669836538064343
4.7005435872095109
167.33497811253011
27.244691928186839
604.76566267369037
0.079897547875911523
0.020508980069884504
141.16161014871128
304.10501162432092
7.1521583355489682
361.08826204806798
2242.6301204434985
41912.926017819853
16.233205201520747
3215.4489591536367
1.3562666137963737
72.292807560158479
761.7670366041873
14.275147600852531
6.6948588145364134
26.585892929793083
0.0035171391340216214
2.5304815154853664
241.98754432257778
0.98783215775703459
90.578677438348564
1.5816926798234983
25.130710520378234
147.43581269368275
5.5716450083492006
0.058478873277587017
4.5476258900078213
1151.2865143575589
855.03081088623526
35.728008247369274
0.52098667716392522
0.19251083362693949
4.2409056675178609e-05
192.46175581693944
35.494458066184563
3071.1079843973912
26.717207586656222
11.100049832987319
5.9016935856301247
79.171322267501409
110.19349746721221
5.1858075039919953
40477.92033835395
611.71513134360214
525.33278744615473
68.633948826364858
0.060266115787283456
38.97886163140975
7533.833637820685
0.074636207244115682
23.062403073649612
0.089686488699006153
12.141732547227983
0.46035004370629118
0.10854119460075851
0.54581945384071184
164.19430329893373
1785.6505765694681
111.9321008203151
4119.4336940038274
3.1649384297750278
73.851012919350424
676.29931926899621
0.077213020147297778
3.8951989418164126
12.73080023585371
0.23657003042503261
12.445186937175734
13505.007003792713
0.15543373342632744
0.57058108591798051
8.8096592977015931
57.651781275107965
208.88917189129148
0.12410495833548493
15.972504850280261
16.032549782541107
117.21260552621978
227.42814504833822
2.7560161610459515
5877.9438973931547
38.322795462905035
9.62252853334153
10.785075198063383
1.5324021958260441
13.313489609846412
317.74961079733339
2.1432769805374599
132.72800549278651
6337.1505462230207
9.3996381916453835
128.44314393272518
1.9789976299134622
2148.9683582796301
0.00099000632986876434
20.535542612078082
32.910268200974265
0.13828264793735554
0.18061097919755012
0.99206758791033955
3.8322396843143505
24.253272663509026
4.4254629982802927
412.99166186867399
893.15812333876977
4.2411014371079
74.50496071744557
13922.379117211303
2.5878607010121324
0.10592688043743853
0.012830524200948915
134448.39236557245
4.4360257581327529
2.4385892427317693
3501.2394151258491
1.0587276963676908
95.201591208181256
2.5643732652111657
14929.130516747027
39.981592795449487
0.042130308067149458
1.9347378504156525
332.70751138505352
313.90713116245655
0.018757747445616809
3.4295147793708902
2.7246890613910315
16.690833398851016
10.161043665112498
328.9721853723903
19.148043258730681
0.94548540732101805
5.7503783226319252
188.95170363962333
0.90914936472579733
41.829516852440925
0.033610768279856214
17.49459513319065
0.075216644859224788
17.986529607625226
46.992200198614505
1010.508428307723
1.2390410519560313
63.204862405415646
9.5610766769736166
2.7033130775624681
12.770168664380231
3.6062378212076949
0.70395723120159859
1.1055617461880207
103.93813517474985
5.8591355745560225
3.596736200344123
0.080239777802522935
211.39575313461876
1.4163818013324707
0.13834237156361862
304.15720751913887
612.85409861898643
7.149073196481992
6903.2258590512638
2232.8673028481867
19.173354924700298
3085.1335052375039
72.281824780191144
0.029709199589893869
136.54112223652464
6.6867068905489182
3963.6385134298657
0.003516209759537813
3.142376175757216
233.62714699003848
0.98834882015476278
10.762013371980746
21.06219537711771
39.522644868698478
0.056848053142655404
41.64325194284153
1.54778944940104
40.383224827666517
6.5794499050842816
42.844616227653276
0.46080798111456378
0.19249654186211973
7.0485058308048361
194.10208999033665
43.32047571543491
2.5318131812174443
18.117274156484488
13.292752329087191
36751.400008311102
1099.5171855761976
701.03921542034914
1678.9850927560717
0.37253107516354816
164.77683112625869
824.38051083314372
673.68948566837855
0.22002559706481323
0.098222897132489648
26.777732204429544
0.087183839256661719
0.37112196976292977
149.82852485841602
13.550563688400583
190.11048282847321
6.4256933993214584
7294.9634879361147
0.038359284963115546
131.2582673902948
17.601427111179149
12.251963279514744
14877.809166214065
0.1554018612815202
0.52193158036335485
6.0242222699309629
54.198521461988456
12.816833724631554
2.8121767337246539
0.092032260864108012
0.31896865115155049
21.848813952016389
4.6356125695892345
0.045193506686362732
55.797153420296951
2.029228709849972
2.3000897191062166
1166.9347157259329
44.22840525238508
1721.1873400556849
48.042489701624355
0.66295033148427041
28.683731001502075
11.400392409191122
0.00099890533343934061
1.916180300406813
18.47179495282397
4.3408661682094474
2.482686624310412
32.47482006504724
0.097951299303698572
62.264164413074056
2.3107522117278663
18.658576824947229
0.022732692274924436
31.26037512930942
30.027986679310327
1.2656664048299253
0.077948618843975359
0.95730521282721182
161.76037524699854
0.16395831168417888
0.47357572536291437
3.4779683283225213
0.52196561450944934
9.7543971269705985
82.310364065431216
2.0028146118220893
40.109554649485048
0.042330969103090789
1.0587472192826408
5.1768179109352195
4.5143537073501001
56.533196958499985
0.075245563448241085
18.345997594486548
205.14843269144271
11.960560957194087
4193.5124042111365
1.6656714609292596
2.1774173243477994
1.0192370552467829
63.738606390385534
102.92263889180903
15.767561251665033
42200.558285503481
0.085571903244406083
0.027924691322401957
6.5200817198523957
1.1318427847674044
0.13874191437893219
4.4950347430342736
2.9067246560781848
0.055060583821873323
43.006150524611343
15.361343766279289
58.180750170833306
2.5694671066164938
9.8840510339730567
128.91463458009005
0.029467441474164777
91.306031596540692
6.8174176680880603
7.1384786010452634
1194.025031949446
0.14381418973225402
3785.0466955010061
0.0035833040318180801
2.3110577331678575
233.72850620133593
0.99901269484388577
4.9584358559737591
2.4998892839826929
119.89590925487904
7.4824775752487067
0.056708650494992602
0.50992338483216648
43.176831380405233
0.49453741325253148
0.19246629819977781
159.17160758914338
0.83336073665933741
5.1064516501767967
36.392237020361627
2.6876318592782857e-05
22533.293579732173
0.43083186066008072
928.25426425958108
0.10305226321728903
23.124002920339468
0.017214129200682674
27.968159665676421
0.080517549142436654
0.10892969888117428
2.6188207939190473
7.2712970842233338
8.0103458744397145
91.932238521823109
69.070696619852555
0.33028880588086756
96.368602416360517
2020.7669813979146
251.24022487785635
2.8760126258213754
48.283603294039693
2.9863466787484163
0.031385941131439679
0.50054152573612487
175.92085929729475
1.0611991101893556
12.071320192980847
0.00097521926429959885
0.03607470370008449
0.026855786424806311
2248.5932672840013
10.836361333652897
5.5490662466211029
14.700385508975458
4.7121387736076237
18.029838893295644
5.4799783032232732
22.248057294316091
4.2810848670207493
2.0787376923052996
0.17347033117730795
0.14245247158500737
0.10401244205927095
17.636061647841565
1.2683556186777105
80.921606049621232
160.79714263374621
0.038953833453791074
17.656691388977006
79.923463466433333
2.4396705842124384
441.62178284468644
0.43969294977691609
3.4107136469632247
43.42981267460172
1.0106227112075905
14.96282340519431
2.7146553008247838
8.7107085167777747
3.313310254710685
1.7097744698553212
3.323981723608227
6.1867923035965093
161.273387189326
1.5735139914119392
0.13874465428847579
5.9715655677627471
0.028688967572892462
3.7883385172676825
2.6246829582382714
0.61581220487373523
0.049386843122339062
0.10729091931656903
0.029082806759906051
5.0517735876626109
1.2940512607361407
0.41618505935897265
25.516535690722449
0.014226057927239442
57.85313440461497
34.440048996662192
5.4633346943684105
18.349269042614733
0.6641701725404876
0.0055779077081820252
9.4214057234993263
623.75114025124833
15.878398130854356
63.281861993029573
2985.2227301951884
3913.8858881891338
0.98101025481005078
5.7863081350686629
5.056997911413732
0.0035738745451568731
2.3118288773842202
2.2157584720692496
68.839591867765279
0.031380834907199125
12.238646689464993
155.79774541897987
4.771567263965526
5.0866976482759263
1.2447526300243885
19.399912198888035
0.10577201108532812
94.0388946157221
0.10090492544823298
5.0349942402921126
16.814876899249875
0.27778619887086697
9.0384192402316597
0.1645794695334914
108.57948777567327
49.067343904014741
0.096476566757921781
0.0010940142240165036
4.5288546287502456
0.64588868825881285
2009.8906770254116
41.596738026929828
41.001613046374125
6.0079241211169485
3.0320447955554775
0.033266883255109826
0.44098367112531944
182.92429330851132
0.025576995657693797
1.0758136742520044
9.3582474699452494
0.20120387389865777
0.11438263911790349
4.4055745303433218
0.59744932768366987
42.752393749937561
1.1308467100350816
0.10476474915046909
38.41390216045901
86.981919824775346
332.95266421326357
9.2174240392121901e-05
0.19611553009745367
61.423012494718968
0.18861856270504002
20.724059884221742
0.78676757731492597
16.845064186939826
56.634749643027988
7.6556204324121913
2.3199247451139908
6.7961131158095114
18.968962813708561
1.265840799405193
2.3405178892262089
3.0847378807072947
4.38934585751079
2.7958810319134608
1.3163556051877947
5.5937589840002726
2.9979771689647969
7.7574810604447473
0.1411456504701038
2.4374616685769843
6.0076076286906792
2.4431261623595937
4.2995518030011679
0.028688967572892039
2.4897503661429115
0.35958188885551684
0.049071858642004168
0.092357692583636727
0.042208294881607045
2.8682532336693885
1.5438353841733108
24.495661575412832
0.41325483196859481
0.0093305971105839842
57.526490227336957
33.313638107605897
5.4634804407043349
4.7498269926809291
0.66416937499282447
2.624468335727892
10.075625086887559
0.016172157018145998
623.72470517329532
15.878384176929808
63.284779780726723
3873.4615196488662
0.0035851610784108571
0.98099392622047232
3.5260926518686255
2.5049490484028985
2.216314687575875
0.025967236602019966
1.6828447899069932
46.16945596223249
0.53197778238248883
0.10316734812753668
4.6272603456266763
53.570864049659591
0.10916619329881067
0.30781529207465003
49.644969043153722
8.4276411234518207
5.0023424227595674
25.045305862933976
0.018400926034073811
6.8629952194912267
0.17400573153790286
8.0720589994905403
0.24795112762817018
20.481630750346007
0.33379619759363371
4.5284669925084868
0.0009652247006793161
2.6955148240759939
0.031499513841396584
0.15501852901325217
15.927040838817113
11.440371447645559
17.839384230753357
119.70270835833651
4.8557839813054118
44.682785527585061
0.29532330400348533
0.0049393780011472129
122.09269095747419
81.469197494059188
5.8667813103965569
25.738836780828525
0.73185237597044284
40.06979745275715
0.18889114272880911
0.85269688164805368
7.773407755404531e-05
0.037793097629494087
16.339287059326487
18.230651297930063
2.3061624085471602
16.320446699693974
1.0521981578840216
2.3353271673522911
165.50789885704629
7.951437551909641
1.5349603989874912
1.013322695176428
7.0241742339147359
0.44316584763945499
3.4100578803869461
0.051186452742106078
15.564245044300748
17.21303103046268
0.13894614741093234
0.13247016818711044
0.037440021818272745
0.073465855318577161
0.0327844592147691
2.8100758136690791
1.0682254104993785
60.29090278167719
0.47324236341411891
0.03964525243722946
3.0820362250732627
38.627475761543714
16.127828726438956
4.5016880309906533
0.94541925914898373
10.695279095309845
0.016158248981433147
2.5206805482268679
4.7996914423117367
2.6244265672486797
17.186894684175879
1281.3257361087572
0.97026279914854152
1.3546537501846701
0.0035747796108544297
1.3013072663381335
1.5083046560569153
14.620094122374955
8.2210336244320104
0.025936599255730455
12.488382651536076
1.634726274907905
0.42410180642325779
0.10544822816237684
0.019914049653801363
24.672229815639469
0.2114719678196991
7.1932390417011138
0.0009766041370075564
0.11620827398282808
0.12771072793210681
3.7165280901267028
6.2638458216802517
47.681568323873542
0.65719618741653307
2.3969528819729797
0.033282594274365467
0.16614880244303426
12.678952434994427
0.047821169759993641
0.00017996159060705945
0.10997132495493625
0.21552186123631312
145.10036156626777
16.68752318700345
216.57920237328938
54.642273650059117
11.082708204574995
0.092930949169538216
2.7873104397642128
0.77525737270909012
14.685177593725049
0.17461017687457334
404.56727411274574
2.5962666606824465
2.3410106696932722
1.7493346873941973
20.346171327586493
4.3904891457368693
0.042534834753812104
1.057072015513546
6.9082197085773949
4.0248524192651338
8.9818818581440212
1.0146630607865785
9.3175224848290927
9.5337788088129951
1.2425732167266521
0.14201920327968728
0.42347755589648572
0.02739570804345199
0.028331506117179123
0.13386740487394883
0.066134173308474695
0.041937037080450879
13.760457532246285
0.99629728122956685
2.933062677361415
4.7290077534452868
15.880506838950922
0.6073576938913533
0.013067152304764332
93.038248888025592
11.077070571787305
2.5206805482059349
16.127828699265301
2.6320434489855811
60.031183227333131
1283.6473388989514
0.0035814797386830833
2.5816799902912484
1.3014550830647715
1.5026133880814363
1.1051920559898671
0.025993036075826002
1.5244752021529284
34.864317858473932
0.21029637069241941
0.10916679632329884
0.37737942983555567
0.53154462017918613
0.022601641161819279
0.00097643446757937895
29.147557366232654
2.0929195179408464
0.11620864099443064
0.28207984544124759
7.8215200424560818
0.24832132162552076
101.65725871671832
10.082325964118013
146.09403586924603
223.06814321339664
2.5374374498681926
0.030739023027058186
0.15929591356722544
12.422590474476296
4.9133941133588506
0.67766422867800225
3.0335916234510116
0.66219128741599775
11.375765001435056
41.062017747470904
9.6905242265642713
0.043312674816029524
4.1021205963824752
0.10684246799653302
0.00010542314274065917
0.092168685097112874
1.6434056506675749
13.921770324389717
3.4555601071278677
0.79145294000410604
2.350947376260585
0.43729248687345074
5.6655069782373086
6.9818964528151133
1.9861921137588936
882.24336564274029
0.14188770802464243
7.0341174078824338
0.41993477261504042
0.081869868999137826
0.028026381799825344
0.025488706377494327
8.6578729944576711
0.16207525103549778
0.033149233362716565
14.883993657201895
1.126771934096
2.884725341692286
2.0865841070302706
69.854579845161283
2.4078368930774734
16.160216131993941
4.304677534644747
17.449003802984947
2.6230985356251138
11.037529308973662
0.0098744246465875193
1.1053452630820224
1.3582933165468685
1283.8060513057269
0.00358147857176117
0.025993032350047313
1.5497975271414499
0.59461161356148595
1.3011506437464555
114.71994820423458
1.6936150273669517
0.00097686137117081401
35.286624888369857
0.10947192123264232
0.1841697480993289
0.13422433506610398
30.650286545550319
0.023016712955286928
0.77128367014656485
4.3388662273272569
3.0557471712419941
0.031719004792752019
0.15151621519543873
5.3391317252582207
0.047820851558097136
0.47602758291168912
0.67624369016760577
146.54168334136941
13.834514875685066
14.264239042166102
53.652087056586254
82.813274786300568
0.10659058605076596
4.244990883743287
0.79136683961502441
33.031724974213908
0.043305295951261355
14.945456940666281
9.7332414800849083
0.092086052278279498
1.7502591874633677
4.390495126665706
0.00012676579650519184
3.9889748441568398
2.3707805400292807
0.90740520575151784
7.0245154656087552
8.9462538303250625
3.3687818012687956
7.2258278110739269
2.0928150174770446
0.14182113389773823
0.45787750844663033
0.086339145843637444
0.027857433435485395
0.026276725889814528
8.5971305373993321
0.1859283130462297
0.041494028655665989
16.243703107631184
1.1295751884008072
2.3805492411477012
1.9286217895984474
0.0084793344030843747
4.5234495132779351
17.447904579596528
11.037283102556318
69.854579845161624
2.4078368930774698
16.16021613199386
2.6230985356251151
0.10330095002989519
0.0035815122478706296
1.3014550830895739
1.0895414184887786
0.025993036075826013
0.2424518858160068
1.4355627969473186
1.5320044741434509
7.5864412232145853
0.34790796911318456
1.6112933883199494
0.0009807049217761593
2.0929187874263482
0.5571183835647433
0.13344788950438752
3.6703629930781676
20.583887298291305
115.34742093133164
0.37435504533900443
113.68409763227218
0.023380961188890138
1.247882360626434
0.13596313560744475
4.8924718133909302
0.59641992813196598
3.0359018565758005
0.60207042081890749
0.52662559651524055
13.235210438331114
40.176340743712402
0.043243450058457547
9.654946606999772
0.10633260023265551
9.7189542831908486
1.6428780017108065
0.79997933610497851
2.3678551642763792
0.09240250233755358
3.4048346601942705
0.072438730343895488
6.1904398732317372
0.43741292482346927
1.9781125062636511
0.14443562220245754
6.9073442438524886
0.096219772379489421
0.10211139654070046
0.02778017908934281
0.027450155484253863
12.74640405766224
0.19689705714612113
2.8512353152248933
0.033124564287953795
1.0380525241893639
0.00015644592995059498
2.0102269185844666
11.50983665382585
4.7350810756089627
2.4078368930774681
16.160231303888928
1.2025844545699365
17.295876212488619
20.322019297010666
0.0098638893438369735
7.6801874263157233
2.1650982810288642
0.0035808082486752332
1.0881757178342812
1.5986144131084845
1.3014035006958251
0.025993034833888172
1.5420610125094842
43.940936400860281
0.00098114773202396784
0.21240017077807208
0.54879667950909605
1.6559061340026027
115.49224759329773
2.0929193465699214
0.13687709565922321
27.771231613796481
0.12787225092568741
0.53739323982649656
0.049329481626223692
0.05685547423461107
0.083658682233120105
8.8373622442733417
11.168398456313478
0.11080016386313256
24.634157311467956
0.15076731394430848
0.13481270826676919
0.1761100259728425
2.3205211824267322
7.2040994191081005
4.9200192278083321
0.08282798781989506
2.3709006828811474
0.79750461321239763
7.0099519599256617
8.9058716570166698
6.3711852775892073
0.18701428786791241
0.44827827160326456
0.023145515345887779
0.089642943610702158
0.16368535481778507
0.027856058112992823
0.029158816008688596
14.475243112349029
0.1808943274238316
0.036604735027124136
0.99906457122814585
0.0001592746825730938
1.8229464936857955
0.0098118054553408742
8.3542907074541901
2.0850212320656327
4.5691754846679515
20.362229554318382
0.028543394049827295
0.57341085149744042
1.0732037688574521
7.614225932051081
0.0035805748150980702
1.3013003373526462
0.025993032350047313
0.59461161356148806
1.1028377057143286
1.535550693591339
47.36056463964357
0.24951031082809505
0.00098094768889974565
15.345991762761114
0.092260229310631936
0.13369794390904102
34.858830578047211
115.59379655423939
3.7479735319464274
0.21584743090651215
1.3166562693242627
0.20413354333919076
0.33955991491133014
0.083754261496033003
0.13651033151606201
0.19674186356021151
1.5830878359678882
19.825944766788592
0.072458537507626722
3.7810111703289397
7.2041610675103147
0.74734416022462069
1.3094165137808289
4.9212901609201785
713.40260819703383
7.0095953397486408
9.7256882057102168
0.18707306060991497
9.0295779032841956
0.43188657178325296
0.20248913146281741
0.079344931095111426
0.035230229762013933
0.16479605701194067
0.029526995647450895
0.113469731488956
0.17160829197375868
0.00016744466517256673
1.0375230497236554
8.3740637851314155
2.0874169792565747
4.5422166718633843
20.667502531790312
0.01021965411025135
0.053088848633970412
0.57341085169372563
2.4888689977970762
0.0035814533169683921
1.0733116630443635
0.052119509293064532
1.4056034777422704
13.196171619172842
1.5383304328690195
0.25918811272707176
0.060791270312663577
0.56647420745980903
116.11927782480889
0.69528161408363676
1.325607246010454
0.13572063851181515
0.099971986953907563
1.4116230696338363
0.33224803884367188
0.35171482839252216
0.083758785477753575
2.9843295552065916
0.13651033687338976
0.078958979936174165
0.1789774939307674
3.8060612375869587
7.1828889921944796
4.9212674756634094
0.85428701236859772
0.17410976662620539
24.308783454662034
7.0132695115253183
7.1244264592624171
5.7288352822414632
0.18706046042918478
0.47941898775223729
0.29594367312070391
0.079458425242720177
0.031832749963767983
0.16397369120278568
0.030278263191603122
0.1192662201304346
0.17319020606290742
0.00016707511475936931
1.000304518062757
6.8970432917324507
1.8753398973628237
0.010215823292309892
0.028543394049827284
2.4888689720252968
42.323139598870569
0.57341085149744009
20.667526125236154
17.160881358273802
0.0035808471728984229
1.0784032322572412
0.051082473140517073
1.5386099062760374
0.040134085621771308
0.083148569957416346
0.19597110761350356
0.51554145198725443
0.25098021945651566
0.23265846850253755
1.3782218144154708
1.4256718058712281
0.051461332526800685
0.3178783113486392
0.86492197733054332
16.424693387749681
0.7285737005239209
0.2130148188895194
0.18100186578211142
0.15545689998043347
0.1369386906903364
4.9231471292326248
0.085707462870238532
6.7684924298637776
1.4905917137858107
28.268585352052476
0.80252646064436628
5.7595986190881927
0.18678028069771024
0.4593729143474431
0.25603293047021569
0.080182317428906358
0.032555260474550804
0.16267637085411058
0.030446796153452822
44.475547455707194
0.00020156027235228115
8.3486716429971128
1.6409732938407622
9.3076366362894145
0.028483942962688635
80.374053334960323
0.022404292451112792
2.707633849377967
0.57095462390990226
1.0784105946332485
17.487660385639895
0.0035844533964360633
0.051672929117896976
6.3122102505373583
0.54354630276920746
0.19687541708693096
0.083519301134698576
0.10249814780918172
1.4837386029530595
1.6247789636200023
0.055310817721048185
0.31788986158950872
0.19530786292069746
0.85445968748541212
0.75055476884068784
0.13326198226567329
11.015672470102809
0.14596652046487413
0.12656862234039554
2.6139583013835837
0.70096076987365574
13.225194199666861
4.9236902731160734
28.314981092985036
0.18709002201909702
9.0632553292055054
0.1027020743120568
0.085218226337113304
0.17368443693225721
0.080675161877544671
0.038201774219098733
0.16448927601219313
0.03061085101921206
30.140758391328937
0.00018944911627445698
5.3995362575528931
1.6411081020434752
0.022329460916007814
0.02849114339235722
74.030531798216785
2.7043959422111192
0.62486969628076317
0.0035844545653955177
1.0784110782942109
0.26080938767891781
17.351642661431601
6.1056057214244603
0.54354630276920724
0.05167291877325942
0.72097782999937832
0.084259916283763031
0.1006733354246549
1.4839697211191141
1.6154826407808181
0.054481098936924682
0.33127221335729074
0.3307903052575672
2.2677446211511363
0.13332920343267377
13.88901326365683
0.16790086843605925
4.9004143797535944
0.81619664503232947
0.18527075390608305
8.1809269281331627
5.7400653092414276
0.18716313758578987
0.42523441044876437
0.082910031999955849
0.18632683716422069
0.080681076487141
0.031820158225951925
0.16187907560220977
0.030919419276334455
5.5825132561193067
0.00011559725869235992
6.3179131307505978
1.6408391598217056
0.12658129714787608
0.028483942962688628
0.021108382887349123
2.6663014766664457
0.62426333528306199
0.0035844545653955103
1.0784105946334572
17.952133372565942
6.3889488304884328
0.051672935141820441
0.25324823908178995
0.54354630276920712
0.72697783245983905
0.21374337468172175
1.4839059822292571
1.6155351787507974
0.055393237068066481
0.31788031879221507
19.741398178066962
0.93033479857009227
1.5907118089016399
0.1349819323240638
0.16794958341486163
4.9004120333308068
0.81679790185197032
0.13464608100491041
0.18527141438181755
5.7098021300185566
0.15994864542818124
0.47928467520492174
0.082909962576505528
0.17304147876554468
0.080679165555259072
0.031797340304429586
0.16140192680938428
0.030907062908389182
5.5825132561191859
0.00011551944292321329
6.956112589841192
1.6408703686101154
0.12657891052799997
0.081613280265522434
0.02011327285272483
2.6663013537137417
0.62424611209310987
17.487937138590862
0.0035844545653955107
1.0784105946334566
6.3867601726075343
0.051672935141820447
0.25182241350751378
0.5435463027692069
1.6182385484052533
0.055396357594990911
0.31788042628600649
20.139657443120186
0.93031343715450854
0.72697783245983816
0.21374337468172236
1.501909431957547
0.030704880981033196
0.17205791035792412
0.15535309968027472
0.13737524959115241
2.1227787958733222
0.079910158945832394
0.83162837676084978
2.675392755637517
4.9204139345049187
0.082809851920309721
0.70122080442730028
9.0072177055070011
0.13266201944592043
0.47218750795548847
0.11200013564898656
0.17186064049500138
0.036128817559067175
0.0001167863631216102
7.8575703183692607
54.509154099515449
0.12846288334053321
0.0816104365201058
0.022615983761527254
27.75800064990267
0.62438316560310381
1.101283922383383
0.69023254177500981
21.320610830487595
0.54970730349763397
0.54604031241707618
12.496909296157302
0.10065190205019127
0.051836354625460289
0.15716363546022288
0.028047674970011115
0.78232764527602694
1.7364176061078582
0.056832980681151744
0.37566757288163033
0.33141800892230233
0.15333586407056551
1.4800536663524138
1.7595539502054263
0.99892894747019312
5.2864281548538568
1.3934913713535948
1177.8524038797348
0.13270185384460126
10.237347184111899
2.5405331416602657
0.18355294159552904
0.00033564774355383207
8.9163203631228161
335.41429404785038
1.7229215952663419
0.13492383461865373
0.080214504707486645
0.62451940586570343
27.760456726065307
0.63112558768734206
1.111799844437082
16.53835908026829
0.10612077189868259
0.051941889250273772
0.55440811177410632
0.78497197690377307
0.15410816806942246
1.7066938625558439
1.774962760934935
0.39712374201933376
0.33143272210200714
3.3421456630603523
0.15335846188869601
0.064054543572652861
1.012681677719538
558.35229112966169
5.2874565975541552
0.21201811638228915
6.4044391705895123
0.13270185384460126
2.6959871583000981
0.17834532876397655
1.8282829516460837
0.00033579990847260949
290.25534734307172
8.8380406104318645
0.13492279899902854
0.080214504711719162
27.760456726063449
0.62451940562288455
0.60528665823632255
1164.6274024874303
16.666281331201045
0.035527189690457504
0.16883666181277915
0.19251459638808779
5.0553724551246386
12.679330693052311
0.94256092618317156
0.78042718393392319
0.15801684899832663
0.15633407503531216
1.4306837099067631
19.117586676263091
330.18955940850941
1.4965639120041718
2.5448490308326579
6.4083474941535155
0.41179079664739143
5.0459363048971664
0.00017406328878311403
0.25399549806314964
2.5602881676926401
23.962769158218283
0.27033004168231173
0.013842976341118094
32.443345796182847
1.8711917742031683
1164.6274024869078
0.60525651517632251
16.073040674475543
0.19251459638808785
0.035527189690457504
0.16921465509213798
0.16208652685262234
6.0319930499886025
0.94271617752405867
0.78042574781284679
42.192786140884763
13.006405845652807
2.3184691333220018
0.15631695827161637
2.7994343598274774
3.9852551912432674
6.4083474941535119
0.41179079664739149
4.5311563654296201
0.0001740771207575088
0.25156488082967221
2.8366712060970887
24.090085901647807
0.27033004492333174
0.013843060582875402
32.443311996766695
1.8711917742031679
0.60528665823635719
1164.6274024868599
16.66628133120458
0.19251459638808785
0.035527189690457504
0.16921465509213757
0.16208652685262315
3.4535077390085784
0.94271617752405879
0.78042574781284768
60.886400200941779
2.3184692276293735
0.15631695791961173
5.4256174127268864
12.832917617769466
2.799453449195255
6.4086648698160911
0.41213560904452845
4.5313123929580224
0.00020140927824369661
0.25167846894957213
2.8387250793937819
0.27135252575626362
0.013846601451308218
32.443538089307971
1.8711917742031674
0.60616491900236225
1177.0356474227444
16.807960568893467
0.035581573223570369
0.16885856742047786
0.19251459638808788
0.15801684899832924
6.032030091206015
1.0224885582623757
0.78171644649521721
44.708115093883876
20.185029156759832
0.15633460601432361
5.4362989417203185
2.7994564447647146
6.4087160590844574
0.41213560904452845
4.5572921833437867
0.00020552722800534746
0.25195145426452598
2.8387251500723858
0.27172321569289137
0.01384660145130822
32.443538089309271
1.8711917742031672
5.9198814407835219
0.60616491900236191
1177.0356474227351
17.423670962565314
0.03583541667327176
0.16714363342911934
0.22371378650448329
3.4547384390161904
1.36846511717693
0.81567029660109902
0.27394193817202683
29.567854900041567
26.461273934352374
0.15654550129854153
3.9486467039129578
6.9926244674577021
10.256883947431735
0.41194757607484328
0.00020688827046430478
0.25155157858484273
2.8730502841362831
0.27389150474579593
0.013845677216347763
32.868130994353379
71.41197916499506
1718.6222065876852
0.22371378650448326
0.17143572290595679
0.036089252577849854
2.6495572329711612
0.29815428456503812
0.17302058133352535
2.4496209339139479
97.949648704206766
19.763847513923448
24.79666223533857
1.2983201980186241
511.2482701361356
1.7413454236117514
0.41194757607484328
0.00020648299231086035
0.30161327997762916
2.9005740656293817
0.27388677632996716
0.013899658870336382
0.35056680087658787
71.218412545286654
1718.622206591527
0.17143616655432376
0.036089252577849861
2.6494088443658521
0.22371378650448306
0.29853905032247363
5.3867096908553034
0.17447285485619973
90.222860005592338
26.837346421498385
2.1360951948804803
508.59738950710681
0.17466474731764409
1.3908090465741119
0.4119483713835625
0.00021939281998837492
2.9359901035573035
0.2738867777257753
0.14827183500142829
0.35091827453487184
71.323669227153687
4.927310594984963e-05
1840.4478700462494
2.7078280766605971
0.18448270069814635
5810.9233210275661
8.2821483787662604
16.214219206922873
0.75556666484891555
0.19275375154836127
78.579250994638088
2.1578179510825231
26.744290336583749
10.919189149017628
6.9700774188061283
0.41194983248341693
3.0748277575076455
1631.7172936899606
0.19127384222253602
0.35091837191880765
71.330312544947333
1573.5711498181004
0.18654994643387515
16.214219206922866
11279.968189484385
8.2785880877384894
0.19271621102305866
0.75913280719517839
28.070788855252285
66.487061057169399
2.1577228245930598
10.919152380270246
266.15173406950328
0.41194983248341693
2.7607063055944892
1570.9760463487112
0.19128794517987668
0.35093335665058856
71.33031254494729
1573.5711498179883
16.214219206922877
0.18655140842415915
11279.968189487812
8.280688763579656
0.19259719220122329
0.75915419248807015
29.397152812886048
54.394493575482521
2.1578178712893492
524.79277351369842
10.920779264961013
0.41194983248341693
2.7608877330660047
2104.7184832814537
0.1930728656590118
0.35091837191880776
71.330312544947134
16.214219206922881
0.18654942729416693
8.2786446523465749
0.19259719220122482
11485.023963106392
0.75915419248807015
29.314128046148657
54.394859422240593
2.1452512011510896
266.1236196286348
10.929304819817586
0.41194983248341693
2.7608781393725872
1900.7875260412695
0.19307286565901177
0.35091837191880781
71.33031254494702
1.8253826184815258
0.18709409075943712
16.214219206922785
8.2817756812831487
83.940400750801402
11621.727493192569
11.232640840372166
226.40646219763062
7.7483766761232529
7.0195928453291625
11.369309359253203
269.03068706150168
2071.2444739411099
0.38330810477243088
0.37140372669696614
72.473470251403867
0.18736714584139538
16.214219206922795
8.2828129868604439
11621.727493195445
11.208745381771152
43.310300476850841
7.4627437793226221
11.369338779067411
2336.9948627256622
269.03068706150958
0.38335608368891444
0.37142054515383505
0.18736714584139538
10938.202394474974
12.438241047308289
8.4261926086194059
5620.1486881345472
0.29402401660991118
14.036777852610632
366.97407522610132
31.557517670713946
77.775973142235273
311.05360252449464
0.37150003146930333
29.072832196319887
464.12933749452526
20.477380501003506
712.80308276137066
31.55751767071385
77.362870570648354
311.05360252448202
0.37150003146930349
29.072832196319872
464.12933749452571
20.477380501003051
712.80308277114887
31.557517670713835
77.362870570644901
311.05360252448128
0.37150003146930366
29.264927523303037
849.07875863277593
23.606445657878972
31.557765721378065
87.855527384990054
311.05360252450578
0.37150003146930299
29.264927523302987
658.37338662241655
23.880217482885364
91.17161548518051
311.05360252450561
0.37150003146930294
29.373873392226034
24.309273175607341
126.75841882851513
0.37150505340013462
201.41627204399194
1792.9748774600171
9926.123365772688
287967.62643142592
2380.825418408504
9926.1233657716148
287967.6264405002
2380.8254187829371
287967.62644072878
287967.62643079943
287967.62642376585
